# Allpix Squared ASCII data - https://cern.ch/allpix-squared

=== 1 ===
=== 2 ===
=== 3 ===
=== 4 ===
=== 5 ===
=== 6 ===
=== 7 ===
=== 8 ===
=== 9 ===
=== 10 ===
--- mydetector ---
PixelHit 573, 1495, 109.015, 0
PixelHit 573, 1498, 162.264, 0
PixelHit 574, 1496, 79.1463, 0
PixelHit 575, 1494, 92.8561, 0
PixelHit 576, 1494, 158.102, 0
PixelHit 576, 1495, 127.402, 0
PixelHit 577, 1489, 171.167, 0
PixelHit 577, 1491, 68.4495, 0
PixelHit 577, 1493, 115.059, 0
PixelHit 577, 1495, 390.169, 0
PixelHit 578, 1488, 115.372, 0
PixelHit 578, 1489, 111.92, 0
PixelHit 578, 1490, 97.586, 0
PixelHit 578, 1492, 197.261, 0
PixelHit 578, 1493, 129.351, 0
PixelHit 579, 1487, 283.597, 0
PixelHit 579, 1489, 154.971, 0
PixelHit 579, 1490, 85.553, 0
PixelHit 579, 1498, 93.2431, 0
PixelHit 580, 1486, 79.6107, 0
PixelHit 580, 1488, 230.911, 0
PixelHit 580, 1489, 153.372, 0
PixelHit 580, 1491, 112.467, 0
PixelHit 581, 1484, 80.0202, 0
PixelHit 581, 1486, 49.9525, 0
PixelHit 581, 1487, 123.778, 0
PixelHit 581, 1488, 63.5395, 0
PixelHit 581, 1489, 179.989, 0
PixelHit 581, 1491, 93.1796, 0
PixelHit 582, 1482, 46.517, 0
PixelHit 582, 1483, 257.758, 0
PixelHit 582, 1485, 307.802, 0
PixelHit 582, 1486, 96.552, 0
PixelHit 582, 1487, 193.995, 0
PixelHit 582, 1488, 160.128, 0
PixelHit 582, 1491, 88.29, 0
PixelHit 583, 1481, 222.853, 0
PixelHit 583, 1485, 69.6837, 0
PixelHit 583, 1486, 68.6943, 0
PixelHit 584, 1480, 139.305, 0
PixelHit 584, 1483, 137.792, 0
PixelHit 585, 1479, 75.3676, 0
PixelHit 585, 1481, 123.587, 0
PixelHit 585, 1482, 73.9282, 0
PixelHit 585, 1485, 174.253, 0
PixelHit 586, 1476, 167.42, 0
PixelHit 586, 1477, 156.895, 0
PixelHit 586, 1478, 60.5436, 0
PixelHit 586, 1479, 161.544, 0
PixelHit 587, 1476, 130.924, 0
PixelHit 587, 1477, 167.678, 0
PixelHit 588, 1474, 55.3543, 0
PixelHit 588, 1475, 57.2042, 0
PixelHit 672, 1282, 278.87, 0
PixelHit 672, 1284, 134.938, 0
PixelHit 673, 1273, 55.1697, 0
PixelHit 673, 1276, 228.402, 0
PixelHit 673, 1279, 94.5323, 0
PixelHit 673, 1281, 126.392, 0
PixelHit 674, 1264, 97.171, 0
PixelHit 674, 1268, 187.2, 0
PixelHit 674, 1272, 81.9965, 0
PixelHit 674, 1274, 125.74, 0
PixelHit 674, 1279, 151.044, 0
PixelHit 674, 1280, 127.099, 0
PixelHit 675, 1254, 208.438, 0
PixelHit 675, 1255, 174.925, 0
PixelHit 675, 1257, 110.355, 0
PixelHit 675, 1262, 111.488, 0
PixelHit 675, 1263, 191.223, 0
PixelHit 675, 1264, 160.232, 0
PixelHit 675, 1265, 123.611, 0
PixelHit 675, 1266, 129.224, 0
PixelHit 675, 1267, 74.8457, 0
PixelHit 675, 1268, 139.965, 0
PixelHit 675, 1269, 81.5848, 0
PixelHit 676, 1248, 92.0004, 0
PixelHit 676, 1254, 103.544, 0
PixelHit 676, 1255, 171.292, 0
PixelHit 676, 1256, 60.8098, 0
PixelHit 676, 1258, 215.35, 0
PixelHit 676, 1260, 231.988, 0
PixelHit 676, 1261, 186.668, 0
PixelHit 676, 1262, 80.0709, 0
PixelHit 676, 1263, 129.229, 0
PixelHit 676, 1264, 99.9085, 0
PixelHit 676, 1265, 60.1665, 0
PixelHit 676, 1267, 55.7611, 0
PixelHit 676, 1268, 173.867, 0
PixelHit 676, 1269, 70.7639, 0
PixelHit 677, 1239, 64.1899, 0
PixelHit 677, 1241, 67.7008, 0
PixelHit 677, 1242, 188.259, 0
PixelHit 677, 1247, 89.2365, 0
PixelHit 677, 1249, 77.6641, 0
PixelHit 677, 1252, 108.808, 0
PixelHit 677, 1255, 136.243, 0
PixelHit 677, 1256, 206.47, 0
PixelHit 677, 1257, 74.2695, 0
PixelHit 677, 1258, 87.27, 0
PixelHit 677, 1259, 60.8234, 0
PixelHit 677, 1264, 171.623, 0
PixelHit 677, 1267, 108.281, 0
PixelHit 677, 1268, 291.43, 0
PixelHit 677, 1270, 90.4379, 0
PixelHit 678, 1241, 131.616, 0
PixelHit 678, 1252, 113.477, 0
PixelHit 678, 1253, 208.483, 0
PixelHit 678, 1260, 70.0702, 0
PixelHit 679, 1238, 62.2778, 0
PixelHit 679, 1241, 116.846, 0
PixelHit 679, 1242, 292.021, 0
PixelHit 679, 1251, 58.4465, 0
PixelHit 680, 1239, 189.641, 0
PixelHit 680, 1240, 113.674, 0
PixelHit 680, 1244, 206.108, 0
PixelHit 680, 1246, 331.342, 0
PixelHit 680, 1248, 99.5419, 0
PixelHit 680, 1251, 79.1619, 0
PixelHit 680, 1258, 112.281, 0
PixelHit 681, 1242, 65.5221, 0
PixelHit 681, 1244, 195.977, 0
PixelHit 681, 1248, 184.55, 0
PixelHit 682, 1237, 142.14, 0
PixelHit 683, 1238, 158.825, 0
PixelHit 684, 1244, 59.2224, 0
=== 11 ===
=== 12 ===
=== 13 ===
=== 14 ===
=== 15 ===
=== 16 ===
=== 17 ===
=== 18 ===
=== 19 ===
=== 20 ===
=== 21 ===
=== 22 ===
=== 23 ===
=== 24 ===
=== 25 ===
=== 26 ===
=== 27 ===
=== 28 ===
=== 29 ===
=== 30 ===
=== 31 ===
=== 32 ===
=== 33 ===
=== 34 ===
=== 35 ===
=== 36 ===
=== 37 ===
=== 38 ===
=== 39 ===
--- mydetector ---
PixelHit 1355, 940, 61.7799, 0
PixelHit 1356, 940, 56.2623, 0
PixelHit 1356, 941, 173.342, 0
PixelHit 1357, 940, 78.9345, 0
PixelHit 1357, 941, 167.809, 0
PixelHit 1358, 940, 156.248, 0
PixelHit 1359, 940, 155.837, 0
PixelHit 1360, 939, 78.653, 0
PixelHit 1360, 940, 85.7428, 0
PixelHit 1360, 941, 71.209, 0
PixelHit 1361, 940, 161.453, 0
PixelHit 1363, 940, 158.678, 0
PixelHit 1364, 940, 143.016, 0
PixelHit 1368, 941, 84.1822, 0
PixelHit 1372, 940, 75.0489, 0
PixelHit 1372, 942, 198.826, 0
PixelHit 1373, 940, 150.504, 0
PixelHit 1373, 941, 171.47, 0
PixelHit 1374, 938, 70.3912, 0
PixelHit 1374, 941, 93.5889, 0
PixelHit 1375, 940, 174.291, 0
PixelHit 1375, 941, 116.522, 0
PixelHit 1376, 938, 115.619, 0
PixelHit 1376, 939, 151.791, 0
PixelHit 1377, 939, 338.436, 0
PixelHit 1377, 940, 283.045, 0
PixelHit 1377, 942, 140.843, 0
PixelHit 1379, 940, 359.35, 0
PixelHit 1381, 939, 50.1428, 0
PixelHit 1381, 940, 49.1489, 0
PixelHit 1382, 938, 59.9051, 0
PixelHit 1382, 941, 147.618, 0
PixelHit 1383, 940, 101.866, 0
PixelHit 1384, 938, 120.743, 0
PixelHit 1384, 939, 70.9924, 0
PixelHit 1385, 940, 159.965, 0
PixelHit 1385, 941, 152.721, 0
PixelHit 1385, 942, 50.7826, 0
PixelHit 1386, 940, 172.41, 0
PixelHit 1386, 941, 278.655, 0
PixelHit 1387, 939, 131.58, 0
PixelHit 1388, 937, 46.0245, 0
PixelHit 1389, 939, 207.361, 0
PixelHit 1390, 939, 145.618, 0
PixelHit 1391, 943, 94.1983, 0
PixelHit 1392, 941, 68.2266, 0
PixelHit 1394, 939, 143.437, 0
PixelHit 1394, 940, 50.6496, 0
PixelHit 1394, 941, 54.779, 0
PixelHit 1395, 939, 128.132, 0
PixelHit 1395, 940, 131.632, 0
PixelHit 1397, 938, 108.456, 0
PixelHit 1398, 937, 65.2276, 0
PixelHit 1398, 939, 68.2742, 0
PixelHit 1399, 939, 149.429, 0
PixelHit 1400, 940, 278.917, 0
PixelHit 1400, 942, 97.4738, 0
PixelHit 1401, 937, 166.712, 0
PixelHit 1402, 940, 194.338, 0
PixelHit 1404, 941, 108.434, 0
PixelHit 1405, 938, 115.456, 0
PixelHit 1406, 942, 101.126, 0
PixelHit 1406, 943, 63.0963, 0
PixelHit 1407, 938, 96.5309, 0
PixelHit 1407, 940, 113.197, 0
PixelHit 1407, 941, 45.1072, 0
PixelHit 1408, 939, 70.0725, 0
PixelHit 1408, 942, 139.864, 0
PixelHit 1409, 938, 146.742, 0
PixelHit 1409, 940, 99.8149, 0
PixelHit 1409, 941, 72.616, 0
PixelHit 1411, 943, 130.726, 0
PixelHit 1412, 940, 170.073, 0
PixelHit 1413, 936, 79.954, 0
=== 40 ===
=== 41 ===
=== 42 ===
=== 43 ===
=== 44 ===
=== 45 ===
=== 46 ===
=== 47 ===
=== 48 ===
=== 49 ===
=== 50 ===
=== 51 ===
=== 52 ===
=== 53 ===
=== 54 ===
=== 55 ===
=== 56 ===
=== 57 ===
=== 58 ===
=== 59 ===
=== 60 ===
=== 61 ===
=== 62 ===
=== 63 ===
=== 64 ===
=== 65 ===
=== 66 ===
=== 67 ===
=== 68 ===
=== 69 ===
=== 70 ===
--- mydetector ---
PixelHit 0, 344, 122.465, 0
PixelHit 0, 345, 212.123, 0
PixelHit 1, 344, 162.066, 0
PixelHit 2, 344, 322.121, 0
PixelHit 3, 343, 203.896, 0
PixelHit 6, 343, 153.511, 0
PixelHit 6, 344, 138.32, 0
PixelHit 8, 342, 70.2047, 0
PixelHit 9, 342, 179.559, 0
PixelHit 12, 343, 134.836, 0
PixelHit 13, 342, 370.258, 0
PixelHit 14, 339, 85.7165, 0
PixelHit 14, 340, 72.193, 0
PixelHit 14, 341, 80.0971, 0
PixelHit 14, 342, 67.4124, 0
PixelHit 15, 338, 173.531, 0
PixelHit 15, 341, 192.549, 0
PixelHit 15, 344, 200.095, 0
PixelHit 17, 342, 109.562, 0
PixelHit 17, 343, 156.064, 0
PixelHit 18, 340, 138.496, 0
PixelHit 19, 339, 69.0891, 0
PixelHit 19, 343, 117.559, 0
PixelHit 20, 342, 97.9262, 0
PixelHit 21, 338, 72.7157, 0
PixelHit 21, 340, 143.803, 0
PixelHit 21, 342, 101.113, 0
PixelHit 22, 339, 109.465, 0
PixelHit 22, 340, 112.036, 0
PixelHit 22, 341, 80.7954, 0
PixelHit 23, 337, 71.3375, 0
PixelHit 23, 340, 87.1371, 0
PixelHit 24, 339, 86.1486, 0
PixelHit 24, 343, 218.607, 0
PixelHit 25, 340, 62.3317, 0
PixelHit 26, 340, 254.58, 0
PixelHit 26, 341, 96.0307, 0
PixelHit 27, 337, 232.494, 0
PixelHit 27, 339, 178.615, 0
PixelHit 27, 341, 115.956, 0
PixelHit 27, 343, 71.9113, 0
PixelHit 28, 340, 253.955, 0
PixelHit 28, 341, 173.237, 0
PixelHit 28, 343, 109.647, 0
PixelHit 29, 339, 123.453, 0
PixelHit 29, 342, 186.543, 0
PixelHit 30, 340, 286.738, 0
PixelHit 30, 342, 156.935, 0
PixelHit 31, 339, 321.668, 0
PixelHit 31, 340, 170.12, 0
PixelHit 31, 341, 57.6541, 0
PixelHit 31, 342, 127.876, 0
PixelHit 31, 343, 95.8133, 0
PixelHit 32, 340, 131.917, 0
PixelHit 32, 341, 155.286, 0
PixelHit 33, 344, 52.7656, 0
PixelHit 34, 339, 120.437, 0
PixelHit 34, 340, 118.773, 0
PixelHit 34, 341, 268.668, 0
PixelHit 35, 338, 110.855, 0
PixelHit 36, 338, 243.445, 0
PixelHit 36, 339, 230.435, 0
PixelHit 36, 342, 171.432, 0
PixelHit 37, 338, 175.878, 0
PixelHit 38, 340, 89.0778, 0
PixelHit 40, 339, 72.2116, 0
PixelHit 43, 338, 129.597, 0
PixelHit 43, 339, 51.4105, 0
=== 71 ===
=== 72 ===
=== 73 ===
=== 74 ===
=== 75 ===
=== 76 ===
=== 77 ===
=== 78 ===
=== 79 ===
=== 80 ===
=== 81 ===
=== 82 ===
=== 83 ===
=== 84 ===
=== 85 ===
=== 86 ===
--- mydetector ---
PixelHit 2221, 431, 50.3755, 0
PixelHit 2222, 431, 203.283, 0
PixelHit 2223, 431, 304.047, 0
PixelHit 2225, 431, 143.694, 0
PixelHit 2227, 432, 97.5988, 0
PixelHit 2228, 433, 57.2904, 0
PixelHit 2232, 432, 310.187, 0
PixelHit 2235, 431, 130.954, 0
PixelHit 2235, 432, 81.0492, 0
PixelHit 2238, 433, 156.323, 0
PixelHit 2240, 432, 145.371, 0
PixelHit 2241, 432, 211.894, 0
PixelHit 2242, 433, 87.9576, 0
PixelHit 2244, 430, 94.35, 0
PixelHit 2244, 432, 227.691, 0
PixelHit 2244, 433, 291.812, 0
PixelHit 2244, 434, 63.1917, 0
PixelHit 2245, 434, 52.0785, 0
PixelHit 2245, 435, 70.9296, 0
PixelHit 2246, 432, 81.4223, 0
PixelHit 2246, 434, 97.6488, 0
PixelHit 2247, 432, 94.7592, 0
PixelHit 2248, 433, 83.7362, 0
PixelHit 2250, 434, 80.8788, 0
PixelHit 2252, 434, 255.181, 0
PixelHit 2255, 435, 59.8622, 0
PixelHit 2256, 433, 162.894, 0
PixelHit 2256, 435, 139.132, 0
PixelHit 2257, 436, 88.7553, 0
PixelHit 2258, 433, 179.706, 0
PixelHit 2258, 434, 276.233, 0
PixelHit 2258, 435, 159.376, 0
PixelHit 2259, 435, 109.118, 0
PixelHit 2259, 436, 105.511, 0
PixelHit 2260, 435, 55.0185, 0
PixelHit 2262, 435, 75.9121, 0
PixelHit 2262, 436, 81.968, 0
PixelHit 2262, 438, 83.2182, 0
PixelHit 2263, 435, 81.5955, 0
PixelHit 2263, 436, 61.9417, 0
PixelHit 2265, 436, 53.4907, 0
PixelHit 2266, 434, 110.582, 0
PixelHit 2266, 436, 106.649, 0
PixelHit 2267, 434, 138.262, 0
PixelHit 2267, 436, 70.8935, 0
PixelHit 2267, 438, 211.143, 0
PixelHit 2268, 435, 81.5307, 0
PixelHit 2268, 438, 151.554, 0
PixelHit 2269, 434, 121.674, 0
PixelHit 2269, 436, 180.312, 0
PixelHit 2270, 437, 79.2478, 0
PixelHit 2273, 437, 91.5773, 0
=== 87 ===
=== 88 ===
=== 89 ===
=== 90 ===
=== 91 ===
=== 92 ===
=== 93 ===
=== 94 ===
=== 95 ===
=== 96 ===
=== 97 ===
--- mydetector ---
PixelHit 2528, 1083, 141.874, 0
PixelHit 2529, 1083, 56.3119, 0
PixelHit 2530, 1083, 183.807, 0
PixelHit 2531, 1082, 137.926, 0
PixelHit 2532, 1083, 233.48, 0
PixelHit 2533, 1082, 98.0734, 0
PixelHit 2533, 1083, 60.5242, 0
PixelHit 2535, 1083, 137.968, 0
PixelHit 2536, 1082, 117.959, 0
PixelHit 2537, 1083, 135.655, 0
PixelHit 2539, 1081, 72.2014, 0
PixelHit 2539, 1082, 282.959, 0
PixelHit 2541, 1083, 139.132, 0
PixelHit 2543, 1082, 163.288, 0
PixelHit 2544, 1081, 111.452, 0
PixelHit 2544, 1082, 100.086, 0
PixelHit 2545, 1081, 154.157, 0
PixelHit 2546, 1080, 108.154, 0
PixelHit 2546, 1081, 94.9771, 0
PixelHit 2546, 1082, 74.4388, 0
PixelHit 2547, 1080, 232.964, 0
PixelHit 2547, 1081, 74.3168, 0
PixelHit 2547, 1083, 188.853, 0
PixelHit 2549, 1081, 109.007, 0
PixelHit 2550, 1082, 98.4047, 0
PixelHit 2551, 1080, 53.1113, 0
PixelHit 2551, 1081, 117.121, 0
PixelHit 2552, 1078, 80.4725, 0
PixelHit 2553, 1081, 101.582, 0
PixelHit 2555, 1083, 59.7998, 0
PixelHit 2556, 1080, 165.348, 0
PixelHit 2560, 1079, 285.969, 0
PixelHit 2560, 1080, 207.958, 0
PixelHit 2561, 1078, 79.6697, 0
PixelHit 2561, 1079, 147.59, 0
PixelHit 2563, 1078, 160.734, 0
PixelHit 2563, 1080, 86.38, 0
PixelHit 2563, 1081, 133.697, 0
PixelHit 2564, 1080, 219.536, 0
PixelHit 2564, 1081, 70.5349, 0
PixelHit 2564, 1082, 222.383, 0
PixelHit 2565, 1078, 101.679, 0
PixelHit 2565, 1079, 73.9559, 0
PixelHit 2566, 1080, 179.378, 0
PixelHit 2567, 1078, 89.4718, 0
PixelHit 2567, 1079, 68.975, 0
PixelHit 2567, 1080, 75.7149, 0
PixelHit 2567, 1082, 226.285, 0
PixelHit 2568, 1082, 87.1773, 0
PixelHit 2569, 1081, 73.1513, 0
PixelHit 2570, 1079, 74.5981, 0
PixelHit 2571, 1079, 68.6017, 0
PixelHit 2571, 1081, 76.7176, 0
PixelHit 2573, 1079, 89.0984, 0
PixelHit 2573, 1081, 101.635, 0
PixelHit 2573, 1082, 281.055, 0
PixelHit 2574, 1082, 123.526, 0
PixelHit 2576, 1081, 89.9753, 0
PixelHit 2577, 1081, 225.675, 0
PixelHit 2579, 1079, 245.078, 0
PixelHit 2579, 1080, 99.8152, 0
=== 98 ===
=== 99 ===
=== 100 ===
--- mydetector ---
PixelHit 929, 1751, 101.125, 0
PixelHit 930, 1751, 64.4749, 0
PixelHit 935, 1749, 106, 0
PixelHit 937, 1749, 67.1176, 0
PixelHit 937, 1751, 105.158, 0
PixelHit 940, 1748, 71.7228, 0
PixelHit 941, 1748, 80.3832, 0
PixelHit 941, 1749, 61.3209, 0
PixelHit 943, 1747, 66.6188, 0
PixelHit 943, 1748, 145.322, 0
PixelHit 944, 1748, 152.325, 0
PixelHit 947, 1746, 138.386, 0
PixelHit 948, 1747, 69.0004, 0
PixelHit 948, 1748, 157.3, 0
PixelHit 949, 1745, 244.069, 0
PixelHit 949, 1746, 81.5788, 0
PixelHit 949, 1748, 44.9505, 0
PixelHit 950, 1745, 131.083, 0
PixelHit 951, 1750, 76.1747, 0
PixelHit 952, 1744, 198.118, 0
PixelHit 952, 1746, 126.421, 0
PixelHit 953, 1743, 151.017, 0
PixelHit 953, 1745, 121.8, 0
PixelHit 953, 1746, 158.031, 0
PixelHit 954, 1743, 91.8797, 0
PixelHit 956, 1745, 67.6747, 0
PixelHit 959, 1742, 71.8169, 0
PixelHit 960, 1743, 131.437, 0
PixelHit 960, 1744, 216.186, 0
PixelHit 962, 1743, 197.746, 0
PixelHit 963, 1739, 50.9098, 0
PixelHit 963, 1741, 60.7885, 0
PixelHit 963, 1744, 203.631, 0
PixelHit 964, 1744, 100.659, 0
PixelHit 965, 1740, 228.688, 0
PixelHit 965, 1742, 181.532, 0
PixelHit 965, 1743, 197.395, 0
PixelHit 966, 1742, 135.595, 0
PixelHit 966, 1743, 64.0972, 0
PixelHit 967, 1741, 110.042, 0
PixelHit 967, 1742, 135.842, 0
PixelHit 968, 1740, 108.841, 0
PixelHit 969, 1739, 62.63, 0
PixelHit 969, 1740, 129.732, 0
PixelHit 970, 1741, 74.7272, 0
PixelHit 970, 1742, 140.024, 0
PixelHit 970, 1746, 215.206, 0
PixelHit 971, 1738, 63.7489, 0
PixelHit 971, 1739, 82.8687, 0
PixelHit 971, 1741, 159.425, 0
PixelHit 972, 1738, 95.8213, 0
PixelHit 973, 1740, 218.206, 0
PixelHit 973, 1742, 188.521, 0
PixelHit 974, 1739, 168.543, 0
PixelHit 974, 1740, 164.284, 0
PixelHit 974, 1742, 195.888, 0
PixelHit 975, 1736, 134.8, 0
PixelHit 978, 1739, 110.276, 0
# 439 objects from 6 messages
