# Allpix Squared ASCII data - https://cern.ch/allpix-squared

=== 1 ===
=== 2 ===
=== 3 ===
=== 4 ===
=== 5 ===
=== 6 ===
=== 7 ===
=== 8 ===
=== 9 ===
=== 10 ===
=== 11 ===
=== 12 ===
=== 13 ===
=== 14 ===
=== 15 ===
=== 16 ===
=== 17 ===
--- mydetector ---
PixelHit 469, 672, 65.5951, 0
PixelHit 471, 670, 177.541, 0
PixelHit 471, 671, 175.431, 0
PixelHit 471, 673, 100.898, 0
PixelHit 471, 674, 182.12, 0
PixelHit 471, 676, 124.157, 0
PixelHit 473, 666, 98.8872, 0
PixelHit 473, 669, 144.704, 0
PixelHit 473, 675, 141.745, 0
PixelHit 474, 668, 57.87, 0
PixelHit 474, 672, 93.4169, 0
PixelHit 475, 664, 80.6626, 0
PixelHit 475, 667, 142.368, 0
PixelHit 475, 668, 134.534, 0
PixelHit 475, 670, 126.379, 0
PixelHit 475, 671, 135.159, 0
PixelHit 476, 667, 234.657, 0
PixelHit 476, 668, 174.626, 0
PixelHit 476, 669, 176.176, 0
PixelHit 476, 670, 215.987, 0
PixelHit 477, 664, 88.3803, 0
PixelHit 477, 665, 187.735, 0
PixelHit 477, 666, 244.814, 0
PixelHit 477, 667, 164.113, 0
PixelHit 477, 668, 48.9359, 0
PixelHit 478, 659, 81.3985, 0
PixelHit 478, 662, 109.254, 0
PixelHit 478, 665, 168.841, 0
PixelHit 478, 668, 274.822, 0
PixelHit 479, 663, 185.912, 0
PixelHit 479, 666, 153.382, 0
PixelHit 479, 667, 120.946, 0
PixelHit 480, 662, 66.4578, 0
PixelHit 481, 659, 67.5505, 0
PixelHit 481, 660, 100.179, 0
PixelHit 482, 656, 63.7669, 0
PixelHit 482, 657, 55.5657, 0
PixelHit 483, 656, 59.5573, 0
PixelHit 483, 658, 123.261, 0
PixelHit 484, 655, 179.838, 0
PixelHit 484, 656, 144.237, 0
PixelHit 484, 657, 89.6755, 0
PixelHit 486, 654, 158.031, 0
PixelHit 486, 655, 86.3352, 0
PixelHit 487, 653, 84.3246, 0
PixelHit 770, 640, 59.8645, 0
PixelHit 771, 640, 182.821, 0
PixelHit 772, 640, 117.77, 0
PixelHit 772, 641, 203.711, 0
PixelHit 773, 641, 133.769, 0
PixelHit 774, 641, 276.167, 0
PixelHit 776, 641, 55.2013, 0
PixelHit 778, 642, 149.924, 0
PixelHit 779, 640, 63.6188, 0
PixelHit 780, 643, 71.3304, 0
PixelHit 782, 642, 83.4934, 0
PixelHit 782, 643, 131.269, 0
PixelHit 783, 643, 103.127, 0
PixelHit 784, 642, 211.149, 0
PixelHit 784, 644, 237.385, 0
PixelHit 785, 644, 239.996, 0
PixelHit 786, 642, 100.927, 0
PixelHit 786, 643, 108.271, 0
PixelHit 786, 644, 187.393, 0
PixelHit 787, 644, 177.168, 0
PixelHit 789, 645, 150.575, 0
PixelHit 791, 643, 180.425, 0
PixelHit 791, 645, 212.73, 0
PixelHit 792, 645, 215.009, 0
PixelHit 793, 646, 139.578, 0
PixelHit 795, 646, 205.864, 0
PixelHit 796, 646, 316.118, 0
PixelHit 796, 648, 75.1848, 0
PixelHit 797, 646, 124.03, 0
PixelHit 798, 646, 159.962, 0
PixelHit 799, 645, 238.072, 0
PixelHit 799, 646, 58.8259, 0
PixelHit 799, 647, 116.358, 0
PixelHit 800, 648, 108.104, 0
PixelHit 801, 646, 239.887, 0
PixelHit 801, 648, 215.62, 0
PixelHit 802, 646, 54.2101, 0
PixelHit 802, 647, 88.0362, 0
PixelHit 803, 645, 72.8517, 0
PixelHit 803, 646, 172.444, 0
PixelHit 803, 647, 70.2861, 0
PixelHit 803, 650, 58.9359, 0
PixelHit 804, 647, 80.2035, 0
PixelHit 806, 648, 178.12, 0
PixelHit 807, 647, 69.7707, 0
PixelHit 807, 648, 154.596, 0
PixelHit 810, 648, 127.478, 0
PixelHit 812, 647, 83.3394, 0
PixelHit 813, 649, 133.549, 0
PixelHit 814, 646, 172.661, 0
PixelHit 814, 648, 132.619, 0
PixelHit 814, 649, 198.325, 0
PixelHit 815, 650, 131.261, 0
PixelHit 816, 647, 203.603, 0
PixelHit 817, 649, 87.8069, 0
PixelHit 819, 649, 170.95, 0
PixelHit 820, 649, 130.266, 0
PixelHit 820, 651, 156.719, 0
PixelHit 820, 652, 164.986, 0
PixelHit 820, 653, 88.0322, 0
PixelHit 820, 654, 164.051, 0
PixelHit 821, 649, 99.612, 0
PixelHit 821, 650, 109.287, 0
PixelHit 821, 652, 110.972, 0
PixelHit 821, 654, 185.559, 0
PixelHit 822, 650, 89.1031, 0
PixelHit 822, 652, 253.65, 0
PixelHit 822, 653, 78.4967, 0
PixelHit 823, 649, 239.619, 0
PixelHit 823, 650, 231.786, 0
PixelHit 823, 651, 155.141, 0
PixelHit 823, 652, 196.512, 0
PixelHit 823, 653, 118.37, 0
PixelHit 823, 654, 53.9453, 0
PixelHit 823, 656, 138.202, 0
PixelHit 824, 650, 278.593, 0
PixelHit 824, 651, 157.229, 0
PixelHit 824, 652, 278.601, 0
PixelHit 824, 653, 55.0864, 0
PixelHit 824, 654, 79.365, 0
PixelHit 825, 649, 65.9068, 0
PixelHit 825, 651, 166.673, 0
PixelHit 825, 652, 252.486, 0
PixelHit 826, 652, 127.571, 0
PixelHit 827, 653, 118.739, 0
PixelHit 829, 650, 148.704, 0
PixelHit 830, 652, 66.4461, 0
PixelHit 833, 650, 94.6667, 0
PixelHit 835, 650, 63.8645, 0
PixelHit 835, 652, 140.389, 0
PixelHit 840, 649, 65.8869, 0
PixelHit 840, 653, 145.472, 0
PixelHit 841, 650, 219.563, 0
PixelHit 841, 653, 80.4103, 0
PixelHit 843, 651, 63.168, 0
PixelHit 843, 652, 307.456, 0
PixelHit 844, 649, 270.12, 0
PixelHit 845, 648, 103.14, 0
PixelHit 845, 651, 67.9246, 0
PixelHit 845, 654, 68.2467, 0
PixelHit 846, 647, 88.3676, 0
PixelHit 846, 648, 101.333, 0
PixelHit 848, 649, 290.249, 0
PixelHit 848, 652, 105.922, 0
PixelHit 849, 652, 139.013, 0
PixelHit 850, 649, 86.2058, 0
PixelHit 850, 651, 149.764, 0
PixelHit 851, 650, 248.914, 0
PixelHit 853, 651, 82.8623, 0
PixelHit 856, 652, 68.2044, 0
PixelHit 857, 651, 160.201, 0
PixelHit 858, 648, 178.254, 0
PixelHit 858, 654, 65.5327, 0
=== 18 ===
=== 19 ===
--- mydetector ---
PixelHit 2425, 250, 99.5353, 0
PixelHit 2426, 249, 193.451, 0
PixelHit 2427, 249, 79.6102, 0
PixelHit 2427, 250, 217.784, 0
PixelHit 2428, 249, 160.465, 0
PixelHit 2429, 249, 124.986, 0
PixelHit 2429, 251, 100.007, 0
PixelHit 2430, 250, 112.356, 0
PixelHit 2430, 251, 55.1328, 0
PixelHit 2431, 247, 55.7925, 0
PixelHit 2431, 251, 134.124, 0
PixelHit 2432, 248, 143.167, 0
PixelHit 2432, 251, 51.7628, 0
PixelHit 2433, 247, 127.844, 0
PixelHit 2433, 248, 50.3773, 0
PixelHit 2433, 249, 154.697, 0
PixelHit 2433, 250, 128.768, 0
PixelHit 2434, 246, 94.366, 0
PixelHit 2434, 247, 203.936, 0
PixelHit 2435, 249, 92.956, 0
PixelHit 2436, 245, 72.1311, 0
PixelHit 2436, 247, 188.195, 0
PixelHit 2437, 247, 160.493, 0
PixelHit 2438, 246, 297.02, 0
PixelHit 2439, 243, 121.113, 0
PixelHit 2440, 244, 56.3057, 0
=== 20 ===
=== 21 ===
=== 22 ===
=== 23 ===
--- mydetector ---
PixelHit 2500, 557, 72.4087, 0
PixelHit 2502, 558, 109.944, 0
PixelHit 2503, 555, 144.154, 0
PixelHit 2503, 556, 106.96, 0
PixelHit 2503, 558, 85.9273, 0
PixelHit 2503, 561, 58.5236, 0
PixelHit 2504, 557, 93.6549, 0
PixelHit 2505, 557, 123.533, 0
PixelHit 2505, 559, 271.596, 0
PixelHit 2505, 560, 69.9638, 0
PixelHit 2505, 561, 113.898, 0
PixelHit 2507, 555, 112.591, 0
PixelHit 2507, 557, 71.5137, 0
PixelHit 2509, 558, 66.9133, 0
PixelHit 2509, 561, 59.6326, 0
PixelHit 2510, 559, 172.072, 0
PixelHit 2510, 560, 146.108, 0
PixelHit 2510, 561, 239.573, 0
PixelHit 2510, 562, 227.235, 0
PixelHit 2511, 559, 266.594, 0
PixelHit 2511, 560, 85.0945, 0
PixelHit 2511, 562, 107.606, 0
PixelHit 2511, 563, 129.189, 0
PixelHit 2512, 561, 64.6489, 0
PixelHit 2512, 562, 296.857, 0
PixelHit 2512, 563, 212.295, 0
PixelHit 2512, 564, 111.339, 0
PixelHit 2513, 564, 234.867, 0
=== 24 ===
=== 25 ===
=== 26 ===
=== 27 ===
=== 28 ===
--- mydetector ---
PixelHit 2587, 1851, 170.568, 0
PixelHit 2587, 1853, 125.965, 0
PixelHit 2587, 1855, 91.048, 0
PixelHit 2588, 1857, 370.592, 0
PixelHit 2588, 1859, 130.649, 0
PixelHit 2588, 1860, 81.2345, 0
PixelHit 2589, 1855, 98.3038, 0
PixelHit 2589, 1856, 78.8926, 0
PixelHit 2589, 1857, 145.658, 0
PixelHit 2589, 1858, 237.585, 0
PixelHit 2589, 1860, 88.4044, 0
PixelHit 2590, 1850, 228.381, 0
PixelHit 2590, 1851, 69.6636, 0
PixelHit 2590, 1855, 105.102, 0
PixelHit 2590, 1857, 56.1924, 0
PixelHit 2590, 1858, 88.1542, 0
PixelHit 2591, 1850, 78.3591, 0
PixelHit 2591, 1853, 57.481, 0
PixelHit 2591, 1856, 133.776, 0
PixelHit 2591, 1857, 76.6392, 0
=== 29 ===
=== 30 ===
=== 31 ===
--- mydetector ---
PixelHit 2473, 1700, 98.6865, 0
PixelHit 2473, 1703, 146.711, 0
PixelHit 2474, 1699, 122.574, 0
PixelHit 2474, 1701, 168.86, 0
PixelHit 2474, 1702, 208.543, 0
PixelHit 2474, 1703, 408.494, 0
PixelHit 2475, 1700, 103.281, 0
PixelHit 2475, 1701, 209.228, 0
PixelHit 2476, 1697, 64.6728, 0
PixelHit 2476, 1698, 63.1322, 0
PixelHit 2476, 1699, 97.7475, 0
PixelHit 2477, 1697, 85.5885, 0
PixelHit 2477, 1701, 193.454, 0
PixelHit 2478, 1697, 52.5818, 0
PixelHit 2478, 1698, 62.8553, 0
PixelHit 2479, 1694, 69.548, 0
PixelHit 2479, 1700, 68.6487, 0
PixelHit 2480, 1695, 169.932, 0
PixelHit 2480, 1698, 75.1855, 0
PixelHit 2481, 1698, 100.779, 0
=== 32 ===
=== 33 ===
=== 34 ===
=== 35 ===
=== 36 ===
=== 37 ===
=== 38 ===
=== 39 ===
=== 40 ===
=== 41 ===
=== 42 ===
=== 43 ===
=== 44 ===
--- mydetector ---
PixelHit 2202, 1031, 118.161, 0
PixelHit 2203, 1031, 147.435, 0
PixelHit 2204, 1025, 83.0965, 0
PixelHit 2204, 1028, 70.2611, 0
PixelHit 2204, 1033, 358.545, 0
PixelHit 2204, 1034, 96.4423, 0
PixelHit 2204, 1035, 128.088, 0
PixelHit 2205, 1027, 61.6877, 0
PixelHit 2205, 1033, 177.268, 0
PixelHit 2206, 1025, 106.698, 0
PixelHit 2206, 1026, 49.3601, 0
PixelHit 2206, 1027, 261.509, 0
PixelHit 2206, 1029, 90.8413, 0
PixelHit 2207, 1022, 114.383, 0
PixelHit 2207, 1025, 140.154, 0
PixelHit 2207, 1028, 167.717, 0
PixelHit 2208, 1020, 53.3457, 0
PixelHit 2208, 1021, 182.605, 0
PixelHit 2208, 1025, 62.083, 0
PixelHit 2209, 1022, 150.093, 0
PixelHit 2209, 1026, 59.7125, 0
PixelHit 2210, 1021, 125.783, 0
PixelHit 2212, 1014, 214.138, 0
PixelHit 2212, 1015, 323.23, 0
PixelHit 2212, 1018, 52.1734, 0
PixelHit 2213, 1011, 58.5625, 0
PixelHit 2214, 1017, 159.626, 0
PixelHit 2217, 1008, 170.579, 0
PixelHit 2218, 1005, 201.078, 0
PixelHit 2221, 1002, 89.834, 0
PixelHit 2222, 1002, 91.8469, 0
PixelHit 2222, 1003, 61.5802, 0
PixelHit 2222, 1005, 154.32, 0
PixelHit 2223, 1002, 86.5649, 0
PixelHit 2223, 1003, 131.702, 0
PixelHit 2224, 1001, 133.368, 0
PixelHit 2226, 1000, 130.629, 0
PixelHit 2226, 1001, 113.906, 0
PixelHit 2228, 995, 55.191, 0
PixelHit 2228, 996, 64.9499, 0
PixelHit 2229, 995, 114.133, 0
PixelHit 2230, 994, 116.243, 0
PixelHit 2232, 991, 99.2425, 0
PixelHit 2233, 993, 241.067, 0
PixelHit 2234, 989, 207.949, 0
PixelHit 2234, 991, 168.068, 0
PixelHit 2235, 988, 67.3581, 0
PixelHit 2236, 989, 190.114, 0
PixelHit 2236, 990, 127.656, 0
PixelHit 2240, 987, 76.8616, 0
PixelHit 2241, 985, 170.668, 0
PixelHit 2242, 983, 171.44, 0
PixelHit 2242, 984, 83.6377, 0
PixelHit 2242, 985, 95.4499, 0
PixelHit 2243, 984, 42.2254, 0
PixelHit 2244, 982, 145.435, 0
PixelHit 2244, 983, 99.6119, 0
PixelHit 2245, 980, 94.3106, 0
PixelHit 2247, 980, 68.7463, 0
PixelHit 2248, 978, 187.895, 0
PixelHit 2250, 976, 241.746, 0
PixelHit 2251, 976, 143.962, 0
PixelHit 2252, 975, 154.873, 0
PixelHit 2252, 976, 115.754, 0
PixelHit 2253, 973, 134.938, 0
PixelHit 2253, 974, 58.3584, 0
PixelHit 2254, 972, 79.9763, 0
PixelHit 2254, 973, 205.212, 0
PixelHit 2254, 974, 113.359, 0
PixelHit 2255, 972, 403.812, 0
PixelHit 2255, 974, 81.6932, 0
PixelHit 2258, 969, 112.727, 0
PixelHit 2259, 968, 160.396, 0
PixelHit 2259, 969, 96.9045, 0
PixelHit 2259, 970, 93.9078, 0
PixelHit 2260, 967, 322.971, 0
PixelHit 2262, 966, 141.133, 0
PixelHit 2263, 964, 199.825, 0
PixelHit 2263, 967, 201.425, 0
PixelHit 2264, 962, 59.7508, 0
PixelHit 2264, 963, 422.656, 0
PixelHit 2264, 964, 1299.35, 0
PixelHit 2265, 962, 884.191, 0
PixelHit 2265, 963, 418.93, 0
PixelHit 2265, 965, 76.0927, 0
PixelHit 2266, 961, 196.583, 0
PixelHit 2266, 962, 362.27, 0
PixelHit 2267, 959, 99.7013, 0
PixelHit 2267, 960, 153.378, 0
PixelHit 2267, 961, 150.624, 0
PixelHit 2269, 957, 52.6125, 0
PixelHit 2269, 958, 84.4432, 0
PixelHit 2270, 956, 118.235, 0
PixelHit 2272, 953, 139.36, 0
PixelHit 2273, 952, 54.4325, 0
PixelHit 2274, 950, 60.7067, 0
PixelHit 2275, 950, 172.745, 0
PixelHit 2276, 947, 113.5, 0
PixelHit 2277, 947, 146.991, 0
=== 45 ===
=== 46 ===
=== 47 ===
=== 48 ===
=== 49 ===
=== 50 ===
=== 51 ===
=== 52 ===
--- mydetector ---
PixelHit 2491, 597, 241.609, 0
PixelHit 2493, 599, 55.7124, 0
PixelHit 2493, 600, 81.9137, 0
PixelHit 2493, 601, 86.8222, 0
PixelHit 2494, 597, 156.844, 0
PixelHit 2494, 600, 189.102, 0
PixelHit 2494, 602, 158.573, 0
PixelHit 2495, 598, 113.261, 0
PixelHit 2496, 599, 116.162, 0
PixelHit 2498, 599, 153.391, 0
PixelHit 2499, 597, 110.898, 0
PixelHit 2500, 599, 159.87, 0
PixelHit 2502, 600, 297.384, 0
PixelHit 2503, 598, 92.4754, 0
PixelHit 2503, 600, 154.266, 0
PixelHit 2504, 599, 61.4987, 0
PixelHit 2504, 600, 163.597, 0
PixelHit 2505, 597, 75.5817, 0
PixelHit 2505, 600, 236.922, 0
PixelHit 2505, 602, 140.23, 0
PixelHit 2507, 599, 73.1623, 0
PixelHit 2507, 601, 104.172, 0
PixelHit 2508, 599, 204.115, 0
PixelHit 2508, 603, 190.39, 0
PixelHit 2509, 601, 98.6271, 0
PixelHit 2510, 599, 137.575, 0
PixelHit 2510, 601, 303.128, 0
PixelHit 2510, 602, 74.7761, 0
PixelHit 2511, 599, 61.3722, 0
PixelHit 2511, 600, 144.604, 0
PixelHit 2511, 602, 153.393, 0
PixelHit 2512, 598, 80.8896, 0
PixelHit 2512, 603, 121.109, 0
PixelHit 2513, 598, 165.341, 0
PixelHit 2515, 602, 61.2537, 0
PixelHit 2515, 604, 155.206, 0
PixelHit 2516, 602, 58.7981, 0
PixelHit 2517, 601, 43.0193, 0
PixelHit 2518, 605, 84.3664, 0
PixelHit 2519, 604, 153.981, 0
PixelHit 2519, 605, 118.635, 0
PixelHit 2520, 605, 157.658, 0
PixelHit 2521, 606, 75.5487, 0
PixelHit 2522, 603, 198.946, 0
PixelHit 2522, 604, 72.8539, 0
PixelHit 2524, 605, 58.2209, 0
PixelHit 2524, 606, 95.1006, 0
PixelHit 2525, 604, 211.278, 0
PixelHit 2525, 607, 92.4293, 0
PixelHit 2526, 604, 95.9109, 0
PixelHit 2526, 606, 126.375, 0
PixelHit 2526, 607, 97.4004, 0
PixelHit 2528, 607, 73.3582, 0
PixelHit 2528, 609, 250.456, 0
PixelHit 2529, 606, 168.98, 0
PixelHit 2530, 605, 131.599, 0
PixelHit 2530, 606, 66.2167, 0
PixelHit 2530, 607, 169.733, 0
PixelHit 2530, 608, 111.91, 0
PixelHit 2531, 607, 119.518, 0
PixelHit 2531, 608, 130.552, 0
PixelHit 2531, 609, 113.793, 0
PixelHit 2532, 605, 60.5846, 0
PixelHit 2534, 607, 121.951, 0
PixelHit 2534, 608, 224.581, 0
PixelHit 2535, 609, 213.983, 0
PixelHit 2536, 607, 86.1287, 0
PixelHit 2536, 608, 153.133, 0
PixelHit 2537, 610, 57.9758, 0
PixelHit 2538, 610, 88.3948, 0
PixelHit 2540, 609, 110.542, 0
PixelHit 2540, 611, 94.7369, 0
PixelHit 2541, 610, 207.792, 0
PixelHit 2541, 612, 136.391, 0
PixelHit 2542, 611, 364.062, 0
PixelHit 2543, 611, 108.732, 0
PixelHit 2543, 612, 49.3747, 0
PixelHit 2546, 613, 76.4967, 0
PixelHit 2548, 613, 139.037, 0
PixelHit 2549, 614, 99.9433, 0
PixelHit 2549, 615, 81.004, 0
PixelHit 2550, 614, 135.13, 0
PixelHit 2550, 615, 111.631, 0
PixelHit 2552, 615, 77.7048, 0
PixelHit 2552, 616, 127.527, 0
PixelHit 2553, 616, 216.475, 0
PixelHit 2554, 616, 63.8461, 0
=== 53 ===
=== 54 ===
=== 55 ===
=== 56 ===
=== 57 ===
=== 58 ===
=== 59 ===
=== 60 ===
=== 61 ===
=== 62 ===
=== 63 ===
=== 64 ===
=== 65 ===
=== 66 ===
=== 67 ===
=== 68 ===
=== 69 ===
=== 70 ===
=== 71 ===
=== 72 ===
--- mydetector ---
PixelHit 2357, 979, 190.169, 0
PixelHit 2358, 979, 93.2091, 0
PixelHit 2359, 978, 62.6794, 0
PixelHit 2360, 982, 59.6913, 0
PixelHit 2361, 980, 154.783, 0
PixelHit 2362, 981, 159.522, 0
PixelHit 2365, 981, 112.266, 0
PixelHit 2365, 983, 85.6523, 0
PixelHit 2365, 984, 102.445, 0
PixelHit 2366, 979, 143.059, 0
PixelHit 2366, 980, 276.527, 0
PixelHit 2367, 979, 69.0371, 0
PixelHit 2367, 983, 115.521, 0
PixelHit 2370, 985, 220.79, 0
PixelHit 2372, 984, 85.4868, 0
PixelHit 2373, 984, 120.475, 0
PixelHit 2374, 986, 99.0059, 0
PixelHit 2375, 985, 133.321, 0
PixelHit 2375, 986, 189.083, 0
PixelHit 2376, 986, 48.1789, 0
=== 73 ===
=== 74 ===
=== 75 ===
=== 76 ===
=== 77 ===
=== 78 ===
=== 79 ===
=== 80 ===
=== 81 ===
=== 82 ===
--- mydetector ---
PixelHit 1859, 1596, 45.8909, 0
PixelHit 1859, 1598, 97.2623, 0
PixelHit 1859, 1599, 259.263, 0
PixelHit 1859, 1600, 217.755, 0
PixelHit 1860, 1597, 90.755, 0
PixelHit 1860, 1598, 70.8777, 0
PixelHit 1860, 1599, 81.0523, 0
PixelHit 1861, 1591, 160.511, 0
PixelHit 1861, 1598, 220.411, 0
PixelHit 1862, 1592, 141.184, 0
PixelHit 1862, 1593, 219.048, 0
PixelHit 1862, 1595, 159.32, 0
PixelHit 1863, 1587, 69.4526, 0
PixelHit 1863, 1590, 88.1042, 0
PixelHit 1863, 1591, 139.382, 0
PixelHit 1863, 1592, 111.845, 0
PixelHit 1863, 1594, 66.4574, 0
PixelHit 1864, 1587, 72.8901, 0
PixelHit 1864, 1590, 196.872, 0
PixelHit 1865, 1589, 76.6312, 0
PixelHit 1865, 1590, 110.597, 0
PixelHit 1866, 1583, 88.8599, 0
PixelHit 1866, 1588, 57.5746, 0
PixelHit 1866, 1589, 144.726, 0
PixelHit 1866, 1591, 114.614, 0
PixelHit 1867, 1587, 63.1813, 0
PixelHit 1867, 1588, 140.335, 0
=== 83 ===
=== 84 ===
--- mydetector ---
PixelHit 1645, 1323, 92.0536, 0
PixelHit 1646, 1323, 63.8646, 0
PixelHit 1646, 1324, 55.2351, 0
PixelHit 1646, 1325, 168.448, 0
PixelHit 1646, 1326, 53.8796, 0
PixelHit 1647, 1328, 164.596, 0
PixelHit 1648, 1327, 205.004, 0
PixelHit 1649, 1327, 118.529, 0
PixelHit 1649, 1329, 45.576, 0
PixelHit 1649, 1330, 88.8518, 0
PixelHit 1650, 1329, 90.6209, 0
PixelHit 1651, 1333, 70.6469, 0
PixelHit 1651, 1334, 127.739, 0
PixelHit 1651, 1337, 203.888, 0
PixelHit 1652, 1334, 66.8407, 0
PixelHit 1652, 1335, 61.8184, 0
PixelHit 1652, 1336, 111.534, 0
PixelHit 1652, 1338, 147.68, 0
PixelHit 1652, 1339, 73.6037, 0
PixelHit 1652, 1341, 147.359, 0
PixelHit 1653, 1335, 125.684, 0
PixelHit 1653, 1338, 338.33, 0
PixelHit 1653, 1339, 216.776, 0
PixelHit 1653, 1340, 330.804, 0
PixelHit 1653, 1341, 171.605, 0
PixelHit 1654, 1337, 72.6989, 0
PixelHit 1654, 1339, 117.814, 0
PixelHit 1654, 1340, 263.964, 0
PixelHit 1654, 1341, 158.516, 0
PixelHit 1654, 1342, 75.6804, 0
PixelHit 1654, 1343, 163.003, 0
PixelHit 1654, 1346, 45.5741, 0
PixelHit 1654, 1347, 174.241, 0
PixelHit 1654, 1349, 76.1157, 0
PixelHit 1654, 1351, 113.741, 0
PixelHit 1654, 1352, 135.448, 0
PixelHit 1655, 1339, 126.987, 0
PixelHit 1655, 1340, 207.64, 0
PixelHit 1655, 1341, 162.561, 0
PixelHit 1655, 1342, 264.292, 0
PixelHit 1655, 1343, 77.1202, 0
PixelHit 1655, 1345, 165.906, 0
PixelHit 1655, 1346, 235.045, 0
PixelHit 1655, 1347, 164.418, 0
PixelHit 1655, 1348, 207.164, 0
PixelHit 1655, 1357, 169.647, 0
PixelHit 1655, 1359, 153.808, 0
PixelHit 1656, 1342, 82.1804, 0
PixelHit 1656, 1344, 117.69, 0
PixelHit 1656, 1346, 72.708, 0
PixelHit 1656, 1348, 90.8467, 0
PixelHit 1656, 1349, 165.011, 0
PixelHit 1656, 1350, 53.662, 0
PixelHit 1656, 1351, 106.734, 0
PixelHit 1656, 1357, 233.479, 0
PixelHit 1656, 1358, 158.463, 0
PixelHit 1657, 1349, 58.1091, 0
PixelHit 1657, 1359, 292.112, 0
PixelHit 1658, 1347, 93.5549, 0
PixelHit 1658, 1349, 193.579, 0
PixelHit 1658, 1359, 83.0492, 0
PixelHit 1658, 1361, 72.1649, 0
PixelHit 1658, 1363, 127.182, 0
PixelHit 1659, 1355, 152.651, 0
PixelHit 1659, 1357, 106.28, 0
PixelHit 1659, 1360, 63.513, 0
PixelHit 1660, 1360, 51.922, 0
PixelHit 1662, 1368, 50.4959, 0
PixelHit 1663, 1361, 142.179, 0
PixelHit 1663, 1365, 194.786, 0
PixelHit 1665, 1365, 69.3749, 0
PixelHit 1665, 1366, 106.231, 0
PixelHit 1665, 1368, 199.838, 0
PixelHit 1665, 1369, 151.722, 0
PixelHit 1665, 1370, 73.4486, 0
PixelHit 1665, 1372, 73.6452, 0
PixelHit 1665, 1373, 110.891, 0
PixelHit 1666, 1367, 77.0507, 0
PixelHit 1666, 1369, 116.627, 0
PixelHit 1666, 1371, 112.139, 0
PixelHit 1667, 1368, 175.202, 0
PixelHit 1667, 1370, 135.041, 0
PixelHit 1667, 1372, 64.1747, 0
PixelHit 1668, 1365, 65.7496, 0
PixelHit 1668, 1371, 63.3401, 0
PixelHit 1670, 1367, 92.3625, 0
PixelHit 1670, 1370, 297.905, 0
PixelHit 1671, 1369, 164.909, 0
=== 85 ===
=== 86 ===
=== 87 ===
=== 88 ===
=== 89 ===
=== 90 ===
=== 91 ===
=== 92 ===
=== 93 ===
=== 94 ===
=== 95 ===
=== 96 ===
=== 97 ===
=== 98 ===
--- mydetector ---
PixelHit 1940, 1107, 54.0538, 0
PixelHit 1942, 1103, 51.9452, 0
PixelHit 1942, 1104, 88.107, 0
PixelHit 1943, 1104, 101.923, 0
PixelHit 1943, 1109, 170.991, 0
PixelHit 1944, 1104, 60.0627, 0
PixelHit 1945, 1108, 46.1534, 0
PixelHit 1946, 1104, 67.0872, 0
PixelHit 1946, 1105, 114.958, 0
PixelHit 1946, 1107, 102.107, 0
PixelHit 1947, 1106, 199.514, 0
PixelHit 1948, 1105, 128.444, 0
PixelHit 1948, 1106, 94.5988, 0
PixelHit 1949, 1105, 87.5966, 0
PixelHit 1950, 1105, 126.514, 0
PixelHit 1952, 1106, 70.1835, 0
PixelHit 1953, 1104, 200.06, 0
PixelHit 1954, 1105, 122.596, 0
PixelHit 1957, 1104, 148.516, 0
PixelHit 1957, 1106, 76.0291, 0
PixelHit 1958, 1104, 54.2997, 0
PixelHit 1958, 1105, 117.144, 0
PixelHit 1960, 1104, 111.872, 0
PixelHit 1962, 1105, 163.781, 0
PixelHit 1963, 1103, 135.053, 0
PixelHit 1963, 1106, 67.6122, 0
PixelHit 1965, 1105, 218.606, 0
PixelHit 1965, 1106, 232.064, 0
PixelHit 1966, 1106, 100.056, 0
PixelHit 1968, 1104, 67.9771, 0
PixelHit 1970, 1105, 210.211, 0
PixelHit 1971, 1105, 146.478, 0
PixelHit 1972, 1104, 58.4324, 0
PixelHit 1973, 1102, 46.8208, 0
PixelHit 1973, 1103, 188.531, 0
PixelHit 1974, 1103, 221.13, 0
PixelHit 1975, 1102, 132.852, 0
=== 99 ===
=== 100 ===
# 610 objects from 11 messages
