# Allpix Squared ASCII data - https://cern.ch/allpix-squared

=== 1 ===
=== 2 ===
--- mydetector ---
PixelHit 1672, 1386, 190.825, 0
PixelHit 1674, 1386, 332.36, 0
PixelHit 1675, 1386, 54.7074, 0
PixelHit 1676, 1386, 95.471, 0
PixelHit 1677, 1386, 96.728, 0
PixelHit 1679, 1385, 61.9017, 0
PixelHit 1679, 1386, 150.772, 0
PixelHit 1680, 1386, 116.359, 0
PixelHit 1681, 1386, 74.9323, 0
PixelHit 1682, 1385, 145.75, 0
PixelHit 1682, 1387, 81.4638, 0
PixelHit 1685, 1386, 45.9238, 0
PixelHit 1686, 1386, 48.1497, 0
PixelHit 1689, 1385, 147.557, 0
PixelHit 1690, 1385, 127.847, 0
PixelHit 1690, 1386, 221.956, 0
PixelHit 1692, 1386, 95.6761, 0
PixelHit 1693, 1385, 54.7693, 0
PixelHit 1693, 1387, 123.872, 0
PixelHit 1695, 1385, 301.537, 0
PixelHit 1702, 1385, 76.1308, 0
PixelHit 1703, 1386, 95.7538, 0
PixelHit 1704, 1385, 166.005, 0
PixelHit 1706, 1385, 389.768, 0
PixelHit 1706, 1386, 118.862, 0
PixelHit 1707, 1385, 119.708, 0
PixelHit 1707, 1386, 248.021, 0
PixelHit 1707, 1387, 72.4073, 0
PixelHit 1708, 1384, 135.824, 0
PixelHit 1708, 1386, 416.042, 0
PixelHit 1708, 1388, 113.601, 0
PixelHit 1709, 1385, 164.637, 0
PixelHit 1710, 1383, 77.8495, 0
PixelHit 1713, 1386, 169.239, 0
PixelHit 1714, 1384, 115.48, 0
PixelHit 1714, 1385, 120.861, 0
PixelHit 1715, 1386, 124.701, 0
PixelHit 1716, 1385, 119.338, 0
PixelHit 1721, 1387, 241.347, 0
PixelHit 1723, 1385, 187.407, 0
PixelHit 1724, 1386, 101.378, 0
PixelHit 1725, 1384, 80.9069, 0
PixelHit 1725, 1386, 161.028, 0
PixelHit 1727, 1386, 107.07, 0
PixelHit 1729, 1384, 64.2065, 0
PixelHit 1729, 1385, 66.7626, 0
PixelHit 1730, 1384, 210.635, 0
PixelHit 1730, 1386, 102.025, 0
PixelHit 1731, 1385, 145.771, 0
PixelHit 1733, 1387, 97.2698, 0
PixelHit 1733, 1388, 70.3575, 0
PixelHit 1734, 1384, 170.988, 0
PixelHit 1735, 1387, 120.113, 0
PixelHit 1736, 1385, 68.9797, 0
PixelHit 1738, 1383, 87.1115, 0
PixelHit 1738, 1386, 103.675, 0
PixelHit 1739, 1385, 118.513, 0
PixelHit 1739, 1387, 209.14, 0
PixelHit 1741, 1383, 210.001, 0
PixelHit 1741, 1386, 145.357, 0
PixelHit 1742, 1385, 62.5646, 0
PixelHit 1742, 1388, 132.402, 0
PixelHit 1743, 1386, 54.3025, 0
PixelHit 1745, 1383, 234.831, 0
PixelHit 1745, 1384, 176.361, 0
PixelHit 1745, 1387, 205.403, 0
PixelHit 1747, 1384, 102.18, 0
PixelHit 1748, 1383, 189.663, 0
PixelHit 1749, 1384, 116.06, 0
PixelHit 1750, 1386, 112.56, 0
PixelHit 1750, 1387, 134.836, 0
PixelHit 1751, 1382, 50.8574, 0
PixelHit 1751, 1386, 94.0835, 0
PixelHit 1753, 1386, 205.74, 0
PixelHit 1754, 1384, 100.039, 0
PixelHit 1756, 1383, 71.0945, 0
PixelHit 1756, 1385, 119.61, 0
PixelHit 1757, 1384, 54.9259, 0
PixelHit 1758, 1386, 203.964, 0
PixelHit 1759, 1384, 53.009, 0
PixelHit 1760, 1383, 58.0424, 0
PixelHit 1761, 1385, 160.901, 0
PixelHit 1763, 1383, 139.381, 0
PixelHit 1763, 1385, 101.686, 0
PixelHit 1765, 1387, 73.0034, 0
PixelHit 1766, 1386, 100.444, 0
PixelHit 1767, 1385, 65.8527, 0
PixelHit 1768, 1385, 78.9657, 0
PixelHit 1769, 1385, 76.4329, 0
PixelHit 1771, 1383, 161.818, 0
PixelHit 1771, 1384, 69.4819, 0
PixelHit 1772, 1386, 125.697, 0
PixelHit 1774, 1383, 106.666, 0
PixelHit 1774, 1386, 287.088, 0
PixelHit 1776, 1381, 63.0352, 0
PixelHit 1777, 1385, 52.1061, 0
PixelHit 1778, 1385, 81.6308, 0
PixelHit 1779, 1385, 85.6545, 0
PixelHit 1780, 1380, 78.1012, 0
PixelHit 1782, 1382, 105.184, 0
PixelHit 1782, 1383, 65.7878, 0
PixelHit 1782, 1385, 57.0583, 0
PixelHit 1783, 1383, 92.6854, 0
PixelHit 1785, 1385, 100.929, 0
=== 3 ===
=== 4 ===
=== 5 ===
=== 6 ===
=== 7 ===
=== 8 ===
=== 9 ===
=== 10 ===
=== 11 ===
=== 12 ===
=== 13 ===
=== 14 ===
=== 15 ===
=== 16 ===
=== 17 ===
=== 18 ===
=== 19 ===
=== 20 ===
=== 21 ===
=== 22 ===
=== 23 ===
=== 24 ===
=== 25 ===
=== 26 ===
=== 27 ===
=== 28 ===
=== 29 ===
=== 30 ===
=== 31 ===
=== 32 ===
=== 33 ===
=== 34 ===
=== 35 ===
=== 36 ===
=== 37 ===
=== 38 ===
=== 39 ===
=== 40 ===
=== 41 ===
--- mydetector ---
PixelHit 251, 1228, 530.776, 0
PixelHit 251, 1229, 583.095, 0
PixelHit 252, 1228, 1815.03, 0
PixelHit 252, 1229, 1031.53, 0
PixelHit 253, 1228, 150.59, 0
PixelHit 253, 1229, 219.803, 0
PixelHit 254, 1228, 73.2041, 0
PixelHit 254, 1229, 107.672, 0
PixelHit 255, 1228, 70.4958, 0
PixelHit 256, 1228, 78.8449, 0
PixelHit 256, 1229, 69.6556, 0
PixelHit 257, 1229, 231.397, 0
PixelHit 258, 1229, 170.204, 0
PixelHit 259, 1227, 212.482, 0
PixelHit 261, 1228, 237.187, 0
PixelHit 262, 1230, 149.587, 0
PixelHit 264, 1229, 52.1385, 0
PixelHit 268, 1229, 71.532, 0
PixelHit 268, 1230, 76.4678, 0
PixelHit 269, 1228, 99.5018, 0
PixelHit 269, 1229, 157.467, 0
PixelHit 270, 1228, 101.239, 0
PixelHit 270, 1229, 162.489, 0
PixelHit 272, 1228, 179.032, 0
PixelHit 274, 1228, 176.154, 0
PixelHit 275, 1228, 91.2416, 0
PixelHit 277, 1228, 69.1512, 0
PixelHit 279, 1228, 111.274, 0
PixelHit 283, 1229, 173.619, 0
PixelHit 284, 1228, 131.406, 0
PixelHit 284, 1229, 63.5943, 0
PixelHit 284, 1230, 69.0165, 0
PixelHit 285, 1229, 244.343, 0
PixelHit 286, 1228, 54.9536, 0
PixelHit 286, 1230, 173.371, 0
PixelHit 287, 1228, 206.486, 0
PixelHit 289, 1229, 181.631, 0
PixelHit 290, 1227, 63.6157, 0
PixelHit 291, 1229, 79.4158, 0
PixelHit 292, 1227, 131.183, 0
PixelHit 292, 1230, 91.2159, 0
PixelHit 299, 1228, 191.79, 0
PixelHit 300, 1226, 62.7957, 0
PixelHit 300, 1229, 183.256, 0
PixelHit 305, 1227, 166.649, 0
PixelHit 305, 1232, 218.2, 0
PixelHit 306, 1227, 60.5615, 0
PixelHit 307, 1229, 75.9736, 0
PixelHit 308, 1229, 145.935, 0
PixelHit 309, 1227, 49.9522, 0
PixelHit 311, 1229, 139.003, 0
PixelHit 311, 1230, 64.7853, 0
PixelHit 313, 1227, 88.9444, 0
PixelHit 313, 1229, 129.15, 0
PixelHit 313, 1230, 76.4291, 0
PixelHit 314, 1228, 82.339, 0
PixelHit 314, 1229, 277.787, 0
PixelHit 314, 1230, 98.9077, 0
PixelHit 315, 1228, 96.2274, 0
PixelHit 315, 1229, 54.7987, 0
PixelHit 316, 1227, 166.031, 0
PixelHit 318, 1228, 104.371, 0
PixelHit 318, 1229, 45.9826, 0
PixelHit 319, 1227, 142.911, 0
PixelHit 320, 1228, 127.531, 0
PixelHit 320, 1229, 92.9114, 0
PixelHit 324, 1228, 59.0889, 0
PixelHit 327, 1230, 117.911, 0
PixelHit 329, 1229, 64.8129, 0
PixelHit 330, 1228, 111.617, 0
PixelHit 330, 1229, 251.7, 0
PixelHit 331, 1229, 131.796, 0
PixelHit 332, 1227, 347.386, 0
PixelHit 334, 1230, 116.975, 0
PixelHit 336, 1227, 106.845, 0
PixelHit 336, 1229, 86.5016, 0
PixelHit 337, 1224, 156.647, 0
PixelHit 338, 1226, 235.396, 0
PixelHit 338, 1230, 345.476, 0
PixelHit 339, 1226, 62.6925, 0
PixelHit 339, 1227, 122.273, 0
PixelHit 340, 1227, 84.8172, 0
PixelHit 340, 1228, 95.9405, 0
PixelHit 341, 1229, 57.2657, 0
PixelHit 341, 1230, 138.327, 0
PixelHit 342, 1226, 81.4912, 0
PixelHit 342, 1231, 78.787, 0
PixelHit 343, 1228, 163.571, 0
PixelHit 343, 1230, 295.3, 0
PixelHit 344, 1230, 61.6846, 0
PixelHit 345, 1226, 52.1568, 0
PixelHit 346, 1232, 139.242, 0
PixelHit 347, 1227, 134.394, 0
PixelHit 348, 1228, 89.8979, 0
PixelHit 349, 1228, 55.6145, 0
PixelHit 349, 1229, 136.743, 0
PixelHit 351, 1227, 85.268, 0
PixelHit 351, 1228, 237.267, 0
PixelHit 351, 1230, 74.1772, 0
PixelHit 352, 1227, 283.158, 0
PixelHit 352, 1230, 44.3899, 0
PixelHit 353, 1225, 142.959, 0
PixelHit 353, 1228, 98.9677, 0
PixelHit 354, 1227, 136.159, 0
PixelHit 355, 1228, 74.4179, 0
PixelHit 357, 1228, 260.178, 0
PixelHit 357, 1231, 141.157, 0
PixelHit 358, 1227, 110.502, 0
PixelHit 358, 1228, 80.2921, 0
PixelHit 358, 1230, 98.1194, 0
PixelHit 359, 1226, 170.936, 0
PixelHit 360, 1229, 180.841, 0
PixelHit 361, 1229, 199.467, 0
PixelHit 361, 1232, 114.976, 0
PixelHit 362, 1229, 156.826, 0
PixelHit 363, 1226, 192.307, 0
PixelHit 363, 1229, 225.227, 0
PixelHit 365, 1230, 153.683, 0
PixelHit 366, 1229, 142.311, 0
PixelHit 367, 1226, 149.09, 0
PixelHit 367, 1228, 115.025, 0
PixelHit 369, 1225, 77.2833, 0
PixelHit 369, 1229, 107.259, 0
PixelHit 371, 1227, 148.341, 0
PixelHit 372, 1228, 68.7265, 0
PixelHit 373, 1229, 192.472, 0
PixelHit 374, 1229, 121.954, 0
PixelHit 376, 1226, 78.5033, 0
PixelHit 376, 1232, 167.388, 0
PixelHit 380, 1228, 194.622, 0
PixelHit 380, 1229, 169.36, 0
PixelHit 382, 1226, 72.3307, 0
PixelHit 383, 1230, 125.75, 0
PixelHit 384, 1228, 104.729, 0
PixelHit 387, 1227, 116.083, 0
PixelHit 388, 1225, 145.672, 0
PixelHit 388, 1228, 280.459, 0
PixelHit 389, 1226, 55.7895, 0
PixelHit 389, 1228, 294.508, 0
PixelHit 389, 1231, 47.9334, 0
PixelHit 389, 1232, 98.5038, 0
PixelHit 391, 1226, 193.13, 0
PixelHit 391, 1230, 43.8403, 0
PixelHit 393, 1227, 109.278, 0
PixelHit 393, 1231, 86.5894, 0
PixelHit 394, 1226, 94.2219, 0
=== 42 ===
=== 43 ===
=== 44 ===
=== 45 ===
=== 46 ===
=== 47 ===
=== 48 ===
=== 49 ===
=== 50 ===
=== 51 ===
=== 52 ===
=== 53 ===
=== 54 ===
=== 55 ===
=== 56 ===
=== 57 ===
=== 58 ===
=== 59 ===
=== 60 ===
=== 61 ===
=== 62 ===
=== 63 ===
=== 64 ===
=== 65 ===
=== 66 ===
=== 67 ===
=== 68 ===
=== 69 ===
--- mydetector ---
PixelHit 1, 567, 50.3073, 0
PixelHit 1, 568, 95.6182, 0
PixelHit 2, 567, 64.5499, 0
PixelHit 2, 568, 233.729, 0
PixelHit 3, 567, 59.0471, 0
PixelHit 3, 568, 216.683, 0
PixelHit 5, 566, 147.898, 0
PixelHit 5, 567, 194.957, 0
PixelHit 6, 564, 216.538, 0
PixelHit 7, 565, 160.332, 0
PixelHit 9, 565, 250.278, 0
PixelHit 10, 564, 205.993, 0
PixelHit 10, 565, 221.527, 0
PixelHit 12, 566, 49.3114, 0
PixelHit 15, 562, 174.641, 0
PixelHit 16, 563, 76.7528, 0
PixelHit 17, 560, 134.757, 0
PixelHit 18, 561, 89.4458, 0
PixelHit 20, 557, 101.925, 0
PixelHit 21, 557, 107.758, 0
PixelHit 21, 558, 251.418, 0
PixelHit 21, 560, 90.0497, 0
PixelHit 21, 561, 205.324, 0
PixelHit 22, 557, 55.9349, 0
PixelHit 22, 558, 167.295, 0
PixelHit 22, 559, 132.54, 0
PixelHit 23, 557, 371.406, 0
PixelHit 23, 558, 305.255, 0
PixelHit 23, 560, 183.559, 0
PixelHit 24, 556, 380.785, 0
PixelHit 24, 557, 406.061, 0
PixelHit 24, 558, 172.489, 0
PixelHit 24, 559, 134.465, 0
PixelHit 24, 560, 231.151, 0
PixelHit 24, 562, 200.917, 0
PixelHit 25, 555, 186.098, 0
PixelHit 25, 556, 147.983, 0
PixelHit 25, 557, 62.0769, 0
PixelHit 25, 559, 106.645, 0
PixelHit 26, 557, 267.808, 0
PixelHit 26, 558, 131.73, 0
PixelHit 26, 560, 168.808, 0
PixelHit 27, 556, 103.829, 0
PixelHit 27, 557, 128.232, 0
PixelHit 27, 560, 255.166, 0
PixelHit 28, 555, 117.309, 0
PixelHit 28, 556, 61.1227, 0
PixelHit 29, 554, 164.295, 0
PixelHit 30, 555, 191.094, 0
PixelHit 30, 557, 84.992, 0
PixelHit 31, 556, 107.269, 0
PixelHit 32, 558, 142.37, 0
PixelHit 33, 557, 188.324, 0
PixelHit 35, 550, 127.286, 0
PixelHit 36, 553, 149.798, 0
PixelHit 38, 550, 73.8388, 0
PixelHit 39, 550, 118.885, 0
PixelHit 39, 552, 133.677, 0
PixelHit 39, 554, 226.319, 0
PixelHit 40, 548, 63.0544, 0
PixelHit 40, 549, 67.5999, 0
PixelHit 41, 551, 159.504, 0
PixelHit 42, 555, 125.84, 0
=== 70 ===
=== 71 ===
--- mydetector ---
PixelHit 1549, 854, 74.2656, 0
PixelHit 1549, 855, 137.085, 0
PixelHit 1550, 854, 116.158, 0
PixelHit 1557, 856, 165.888, 0
PixelHit 1558, 854, 65.8057, 0
PixelHit 1562, 855, 175.453, 0
PixelHit 1563, 854, 73.6284, 0
PixelHit 1564, 854, 90.2, 0
PixelHit 1564, 855, 127.208, 0
PixelHit 1565, 855, 116.959, 0
PixelHit 1566, 855, 297.168, 0
PixelHit 1567, 855, 55.1458, 0
PixelHit 1567, 856, 275.43, 0
PixelHit 1568, 855, 134.878, 0
PixelHit 1568, 857, 126.876, 0
PixelHit 1569, 854, 135.135, 0
PixelHit 1569, 855, 63.2101, 0
PixelHit 1570, 855, 89.5909, 0
PixelHit 1570, 856, 116.678, 0
PixelHit 1574, 855, 58.0005, 0
PixelHit 1574, 857, 61.3433, 0
PixelHit 1576, 857, 266.837, 0
PixelHit 1577, 854, 56.1806, 0
PixelHit 1577, 856, 222.671, 0
PixelHit 1577, 857, 143.085, 0
PixelHit 1578, 855, 369.382, 0
PixelHit 1578, 856, 192.099, 0
PixelHit 1579, 854, 70.5401, 0
PixelHit 1579, 855, 153.613, 0
PixelHit 1580, 855, 287.955, 0
PixelHit 1580, 856, 188.611, 0
PixelHit 1581, 856, 83.6557, 0
PixelHit 1581, 857, 62.9599, 0
PixelHit 1584, 856, 111.189, 0
PixelHit 1584, 857, 126.2, 0
PixelHit 1586, 855, 100.111, 0
PixelHit 1586, 856, 97.9041, 0
PixelHit 1586, 857, 73.557, 0
PixelHit 1587, 855, 374.117, 0
PixelHit 1589, 857, 136.277, 0
PixelHit 1589, 858, 139.997, 0
PixelHit 1590, 854, 109.147, 0
PixelHit 1591, 855, 98.3927, 0
PixelHit 1591, 857, 167.585, 0
PixelHit 1592, 855, 61.9577, 0
PixelHit 1592, 856, 345.767, 0
PixelHit 1592, 857, 54.3397, 0
PixelHit 1592, 858, 70.6725, 0
PixelHit 1593, 856, 133.209, 0
PixelHit 1593, 857, 186.416, 0
PixelHit 1595, 856, 64.138, 0
PixelHit 1596, 856, 142.049, 0
PixelHit 1598, 855, 71.5724, 0
PixelHit 1598, 857, 112.812, 0
PixelHit 1598, 858, 114.336, 0
PixelHit 1600, 856, 131.436, 0
PixelHit 1601, 857, 122.224, 0
PixelHit 1602, 856, 110.243, 0
PixelHit 1605, 856, 130.797, 0
PixelHit 1605, 858, 170.831, 0
PixelHit 1607, 860, 150.124, 0
PixelHit 1608, 856, 57.7775, 0
PixelHit 1608, 857, 79.7327, 0
PixelHit 1612, 858, 229.747, 0
PixelHit 1615, 859, 135.112, 0
PixelHit 1616, 858, 188.227, 0
PixelHit 1616, 859, 127.546, 0
PixelHit 1617, 855, 82.9161, 0
PixelHit 1618, 856, 77.1473, 0
PixelHit 1618, 858, 99.912, 0
PixelHit 1618, 859, 87.5337, 0
PixelHit 1619, 856, 132.919, 0
PixelHit 1619, 857, 102.909, 0
PixelHit 1621, 855, 56.5115, 0
PixelHit 1621, 858, 90.2112, 0
PixelHit 1623, 855, 96.7938, 0
PixelHit 1626, 860, 75.7598, 0
PixelHit 1630, 854, 195.548, 0
PixelHit 1630, 858, 127.091, 0
PixelHit 1631, 858, 108.494, 0
PixelHit 1631, 861, 116.343, 0
PixelHit 1632, 857, 162.779, 0
PixelHit 1632, 859, 70.3175, 0
PixelHit 1633, 857, 81.2267, 0
PixelHit 1634, 857, 151.127, 0
PixelHit 1635, 857, 187.339, 0
PixelHit 1635, 859, 169.296, 0
PixelHit 1635, 860, 127.042, 0
PixelHit 1638, 856, 162.952, 0
PixelHit 1638, 857, 61.6869, 0
PixelHit 1639, 858, 158.293, 0
PixelHit 1640, 861, 102.516, 0
PixelHit 1641, 856, 55.5695, 0
PixelHit 1641, 858, 146.884, 0
PixelHit 1642, 860, 54.3792, 0
PixelHit 1642, 861, 137.696, 0
PixelHit 1643, 857, 57.9977, 0
PixelHit 1643, 859, 80.3341, 0
PixelHit 1645, 856, 282.775, 0
PixelHit 1649, 856, 141.263, 0
=== 72 ===
=== 73 ===
--- mydetector ---
PixelHit 1073, 259, 347.713, 0
PixelHit 1074, 259, 160.189, 0
PixelHit 1075, 259, 129.349, 0
PixelHit 1076, 259, 80.0733, 0
PixelHit 1076, 260, 82.8885, 0
PixelHit 1077, 260, 253.232, 0
PixelHit 1078, 260, 128.216, 0
PixelHit 1079, 260, 131.726, 0
PixelHit 1080, 260, 294.109, 0
PixelHit 1081, 260, 158.25, 0
PixelHit 1081, 261, 65.5276, 0
PixelHit 1083, 259, 208.315, 0
PixelHit 1084, 260, 246.814, 0
PixelHit 1088, 259, 136.441, 0
PixelHit 1088, 260, 123.782, 0
PixelHit 1088, 261, 244.126, 0
PixelHit 1089, 260, 97.7011, 0
PixelHit 1092, 260, 71.8043, 0
PixelHit 1092, 261, 86.6099, 0
PixelHit 1093, 258, 96.69, 0
PixelHit 1094, 260, 254.737, 0
PixelHit 1096, 260, 223.251, 0
PixelHit 1097, 260, 288.749, 0
PixelHit 1097, 261, 113.97, 0
PixelHit 1099, 260, 96.1561, 0
PixelHit 1101, 259, 92.89, 0
PixelHit 1101, 260, 65.5808, 0
PixelHit 1101, 261, 224.16, 0
PixelHit 1103, 261, 91.962, 0
PixelHit 1104, 262, 189.191, 0
PixelHit 1105, 261, 47.4025, 0
PixelHit 1106, 260, 58.9861, 0
PixelHit 1106, 261, 111.668, 0
PixelHit 1106, 263, 141.554, 0
PixelHit 1107, 261, 225.272, 0
PixelHit 1107, 262, 126.152, 0
PixelHit 1109, 260, 148.388, 0
PixelHit 1109, 261, 140.854, 0
PixelHit 1109, 262, 179.557, 0
PixelHit 1110, 260, 117.924, 0
PixelHit 1110, 261, 119.103, 0
PixelHit 1110, 262, 117.248, 0
PixelHit 1111, 261, 102.732, 0
PixelHit 1112, 261, 89.7209, 0
PixelHit 1113, 258, 63.9436, 0
PixelHit 1114, 263, 121.073, 0
PixelHit 1116, 262, 117.029, 0
PixelHit 1117, 262, 58.4997, 0
PixelHit 1118, 261, 286.822, 0
PixelHit 1118, 263, 107.507, 0
PixelHit 1120, 261, 83.3892, 0
PixelHit 1121, 262, 87.02, 0
PixelHit 1122, 260, 104.935, 0
PixelHit 1122, 262, 75.0023, 0
PixelHit 1122, 264, 142.661, 0
PixelHit 1124, 259, 182.198, 0
PixelHit 1124, 260, 122.815, 0
PixelHit 1124, 261, 51.3741, 0
PixelHit 1125, 262, 100.326, 0
PixelHit 1126, 260, 173.421, 0
PixelHit 1128, 263, 59.4287, 0
PixelHit 1129, 263, 87.0086, 0
PixelHit 1130, 261, 79.3859, 0
PixelHit 1130, 262, 149.906, 0
PixelHit 1130, 265, 100.974, 0
PixelHit 1131, 261, 137.719, 0
PixelHit 1131, 262, 68.0694, 0
PixelHit 1131, 263, 112.247, 0
PixelHit 1131, 264, 232.027, 0
PixelHit 1132, 261, 143.895, 0
PixelHit 1132, 262, 159.638, 0
PixelHit 1132, 263, 309.35, 0
PixelHit 1132, 264, 468.734, 0
PixelHit 1132, 266, 99.2738, 0
PixelHit 1133, 262, 551.188, 0
PixelHit 1133, 263, 325.694, 0
PixelHit 1133, 264, 308.149, 0
PixelHit 1134, 259, 97.4418, 0
PixelHit 1134, 261, 356.355, 0
PixelHit 1134, 262, 182.612, 0
PixelHit 1134, 263, 176.703, 0
PixelHit 1134, 264, 335.358, 0
PixelHit 1134, 265, 55.3977, 0
PixelHit 1135, 260, 128.997, 0
PixelHit 1135, 261, 162.212, 0
PixelHit 1135, 262, 75.6932, 0
PixelHit 1135, 263, 240.058, 0
PixelHit 1135, 264, 210.081, 0
PixelHit 1135, 265, 97.6384, 0
PixelHit 1136, 261, 119.848, 0
PixelHit 1137, 262, 74.5873, 0
PixelHit 1138, 263, 198.591, 0
PixelHit 1139, 264, 113.77, 0
PixelHit 1140, 267, 189.084, 0
PixelHit 1142, 263, 98.9577, 0
PixelHit 1146, 261, 53.9642, 0
PixelHit 1147, 263, 109.589, 0
PixelHit 1147, 264, 180.281, 0
PixelHit 1149, 263, 52.8556, 0
PixelHit 1150, 261, 117.246, 0
PixelHit 1151, 262, 101.273, 0
PixelHit 1151, 264, 155.636, 0
PixelHit 1151, 266, 73.6691, 0
PixelHit 1152, 263, 215.897, 0
PixelHit 1153, 264, 97.3682, 0
PixelHit 1153, 265, 246.307, 0
PixelHit 1155, 261, 104.552, 0
PixelHit 1155, 262, 109.041, 0
PixelHit 1158, 266, 168.696, 0
=== 74 ===
=== 75 ===
=== 76 ===
=== 77 ===
=== 78 ===
=== 79 ===
=== 80 ===
=== 81 ===
=== 82 ===
=== 83 ===
=== 84 ===
=== 85 ===
=== 86 ===
=== 87 ===
=== 88 ===
=== 89 ===
=== 90 ===
=== 91 ===
=== 92 ===
=== 93 ===
=== 94 ===
=== 95 ===
=== 96 ===
=== 97 ===
=== 98 ===
=== 99 ===
=== 100 ===
# 522 objects from 5 messages
