# Allpix Squared ASCII data - https://cern.ch/allpix-squared

=== 1 ===
=== 2 ===
=== 3 ===
=== 4 ===
=== 5 ===
=== 6 ===
=== 7 ===
=== 8 ===
=== 9 ===
=== 10 ===
--- mydetector ---
PixelHit 1005, 970, 168.509, 0
PixelHit 1008, 969, 136.429, 0
PixelHit 1008, 970, 78.444, 0
PixelHit 1009, 968, 164.214, 0
PixelHit 1009, 969, 261.045, 0
PixelHit 1010, 969, 101.906, 0
PixelHit 1012, 969, 98.5605, 0
PixelHit 1013, 967, 280.114, 0
PixelHit 1014, 966, 85.5316, 0
PixelHit 1014, 968, 169.093, 0
PixelHit 1015, 966, 258.18, 0
PixelHit 1018, 965, 228.997, 0
PixelHit 1018, 966, 123.319, 0
PixelHit 1019, 964, 61.5872, 0
PixelHit 1019, 965, 150.804, 0
PixelHit 1019, 966, 50.1229, 0
PixelHit 1020, 965, 46.2584, 0
PixelHit 1021, 965, 163.779, 0
PixelHit 1022, 962, 87.5797, 0
PixelHit 1025, 961, 51.9133, 0
PixelHit 1025, 962, 200.463, 0
PixelHit 1025, 963, 148.048, 0
PixelHit 1026, 961, 81.7545, 0
PixelHit 1026, 963, 216.617, 0
PixelHit 1027, 959, 56.5068, 0
PixelHit 1027, 960, 77.6302, 0
PixelHit 1027, 962, 90.3841, 0
PixelHit 1028, 960, 90.3236, 0
PixelHit 1028, 961, 65.5783, 0
PixelHit 1028, 963, 155.777, 0
PixelHit 1028, 964, 82.5895, 0
PixelHit 1029, 960, 194.676, 0
PixelHit 1029, 964, 77.5053, 0
PixelHit 1030, 960, 52.0567, 0
PixelHit 1030, 961, 150.797, 0
PixelHit 1031, 960, 173.671, 0
PixelHit 1031, 962, 105.403, 0
PixelHit 1031, 963, 164.492, 0
PixelHit 1032, 961, 67.8841, 0
PixelHit 1032, 963, 105.387, 0
PixelHit 1033, 961, 79.6386, 0
PixelHit 1034, 960, 139.087, 0
PixelHit 1035, 955, 172.459, 0
PixelHit 1035, 957, 145.314, 0
PixelHit 1035, 960, 118.773, 0
PixelHit 1037, 956, 130.111, 0
PixelHit 1039, 962, 85.6989, 0
PixelHit 1040, 959, 210.245, 0
PixelHit 1044, 955, 48.6646, 0
=== 11 ===
=== 12 ===
=== 13 ===
=== 14 ===
=== 15 ===
=== 16 ===
=== 17 ===
=== 18 ===
=== 19 ===
=== 20 ===
=== 21 ===
=== 22 ===
--- mydetector ---
PixelHit 2503, 468, 73.7422, 0
PixelHit 2505, 467, 104.278, 0
PixelHit 2506, 466, 112.143, 0
PixelHit 2510, 465, 468.3, 0
PixelHit 2511, 464, 154.231, 0
PixelHit 2511, 465, 65.706, 0
PixelHit 2513, 462, 177.844, 0
PixelHit 2516, 461, 82.7859, 0
PixelHit 2516, 463, 130.871, 0
PixelHit 2517, 462, 60.3776, 0
PixelHit 2518, 461, 213.273, 0
PixelHit 2519, 459, 187.064, 0
PixelHit 2520, 459, 125.659, 0
PixelHit 2521, 460, 63.7333, 0
PixelHit 2522, 460, 224.563, 0
PixelHit 2523, 461, 85.8765, 0
PixelHit 2525, 458, 175.39, 0
PixelHit 2527, 456, 75.1276, 0
PixelHit 2527, 457, 155.941, 0
PixelHit 2527, 458, 225.541, 0
PixelHit 2528, 456, 168.623, 0
PixelHit 2528, 458, 100.101, 0
PixelHit 2529, 453, 161.684, 0
PixelHit 2529, 456, 97.2345, 0
PixelHit 2530, 447, 120.583, 0
PixelHit 2530, 456, 211.213, 0
PixelHit 2531, 446, 117.549, 0
PixelHit 2531, 448, 176.117, 0
PixelHit 2531, 449, 152.926, 0
PixelHit 2531, 452, 77.4543, 0
PixelHit 2531, 453, 124.389, 0
PixelHit 2531, 454, 58.1894, 0
PixelHit 2532, 448, 161.348, 0
PixelHit 2532, 449, 357.474, 0
PixelHit 2532, 450, 318.132, 0
PixelHit 2532, 451, 56.4402, 0
PixelHit 2532, 452, 92.7843, 0
PixelHit 2532, 455, 82.0336, 0
PixelHit 2533, 447, 230.827, 0
PixelHit 2533, 448, 427.639, 0
PixelHit 2533, 449, 82.6417, 0
PixelHit 2533, 450, 175.215, 0
PixelHit 2533, 451, 241.826, 0
PixelHit 2533, 452, 81.5051, 0
PixelHit 2533, 454, 255.934, 0
PixelHit 2533, 455, 94.481, 0
PixelHit 2533, 456, 90.5118, 0
PixelHit 2534, 446, 125.247, 0
PixelHit 2534, 447, 212.304, 0
PixelHit 2534, 448, 628.73, 0
PixelHit 2534, 449, 370.404, 0
PixelHit 2534, 450, 50.7477, 0
PixelHit 2534, 453, 252.525, 0
PixelHit 2534, 455, 159.435, 0
PixelHit 2534, 456, 92.4961, 0
PixelHit 2535, 446, 104.682, 0
PixelHit 2535, 447, 165.179, 0
PixelHit 2535, 448, 750.153, 0
PixelHit 2535, 449, 403.085, 0
PixelHit 2535, 450, 451.686, 0
PixelHit 2535, 451, 65.1338, 0
PixelHit 2535, 453, 195.907, 0
PixelHit 2536, 446, 285.187, 0
PixelHit 2536, 447, 404.657, 0
PixelHit 2536, 448, 458.069, 0
PixelHit 2536, 449, 153.272, 0
PixelHit 2536, 450, 280.379, 0
PixelHit 2536, 452, 126.066, 0
PixelHit 2536, 453, 92.9836, 0
PixelHit 2536, 454, 155.473, 0
PixelHit 2537, 446, 100.304, 0
PixelHit 2537, 447, 228.265, 0
PixelHit 2537, 449, 114.856, 0
PixelHit 2537, 450, 95.4748, 0
PixelHit 2538, 446, 220.383, 0
PixelHit 2538, 450, 233.018, 0
PixelHit 2538, 452, 122.296, 0
PixelHit 2538, 453, 121.671, 0
PixelHit 2539, 451, 329.649, 0
PixelHit 2540, 450, 220.336, 0
PixelHit 2540, 451, 311.154, 0
PixelHit 2540, 452, 87.5934, 0
PixelHit 2541, 452, 114.514, 0
PixelHit 2541, 453, 233.175, 0
PixelHit 2542, 450, 63.749, 0
PixelHit 2542, 451, 319.742, 0
PixelHit 2542, 452, 163.305, 0
PixelHit 2543, 449, 94.8389, 0
PixelHit 2543, 450, 222.822, 0
PixelHit 2543, 454, 101.468, 0
PixelHit 2544, 450, 159.54, 0
PixelHit 2545, 449, 206.157, 0
PixelHit 2546, 448, 197.774, 0
PixelHit 2546, 450, 121.918, 0
PixelHit 2546, 452, 98.9897, 0
PixelHit 2548, 448, 56.3107, 0
PixelHit 2548, 449, 118.837, 0
PixelHit 2548, 450, 147.291, 0
PixelHit 2550, 448, 84.7555, 0
PixelHit 2550, 451, 422.672, 0
PixelHit 2551, 450, 186.356, 0
PixelHit 2552, 445, 105.856, 0
PixelHit 2554, 445, 198.558, 0
PixelHit 2554, 446, 146.292, 0
PixelHit 2554, 448, 386.487, 0
PixelHit 2556, 443, 181.793, 0
PixelHit 2557, 444, 156.85, 0
PixelHit 2557, 446, 76.4131, 0
PixelHit 2557, 447, 52.2863, 0
PixelHit 2558, 440, 181.692, 0
PixelHit 2558, 447, 86.5239, 0
PixelHit 2559, 443, 200.382, 0
PixelHit 2559, 446, 63.2066, 0
PixelHit 2561, 444, 82.6047, 0
PixelHit 2561, 445, 187.354, 0
=== 23 ===
=== 24 ===
=== 25 ===
=== 26 ===
=== 27 ===
=== 28 ===
=== 29 ===
=== 30 ===
=== 31 ===
=== 32 ===
=== 33 ===
=== 34 ===
=== 35 ===
=== 36 ===
=== 37 ===
=== 38 ===
=== 39 ===
=== 40 ===
=== 41 ===
=== 42 ===
=== 43 ===
=== 44 ===
=== 45 ===
=== 46 ===
=== 47 ===
=== 48 ===
=== 49 ===
=== 50 ===
=== 51 ===
=== 52 ===
=== 53 ===
=== 54 ===
=== 55 ===
=== 56 ===
=== 57 ===
=== 58 ===
=== 59 ===
=== 60 ===
=== 61 ===
=== 62 ===
--- mydetector ---
PixelHit 2108, 253, 125.268, 0
PixelHit 2108, 254, 224.128, 0
PixelHit 2109, 254, 146.049, 0
PixelHit 2110, 254, 120.328, 0
PixelHit 2111, 256, 155.52, 0
PixelHit 2112, 254, 129.272, 0
PixelHit 2112, 255, 229.551, 0
PixelHit 2113, 255, 96.3921, 0
PixelHit 2113, 256, 74.6059, 0
PixelHit 2114, 254, 146.872, 0
PixelHit 2114, 255, 134.416, 0
PixelHit 2115, 257, 145.314, 0
PixelHit 2115, 258, 86.8095, 0
PixelHit 2117, 255, 302.758, 0
PixelHit 2117, 257, 187.239, 0
PixelHit 2118, 254, 45.1321, 0
PixelHit 2118, 257, 90.3063, 0
PixelHit 2119, 254, 214.287, 0
PixelHit 2120, 256, 147.789, 0
PixelHit 2121, 255, 179.428, 0
PixelHit 2123, 258, 117.81, 0
PixelHit 2124, 257, 142.307, 0
PixelHit 2124, 258, 116.518, 0
PixelHit 2125, 255, 323.497, 0
PixelHit 2126, 257, 95.0908, 0
PixelHit 2126, 259, 116.117, 0
PixelHit 2127, 255, 91.2855, 0
PixelHit 2128, 257, 277.771, 0
PixelHit 2129, 259, 88.311, 0
=== 63 ===
=== 64 ===
=== 65 ===
=== 66 ===
=== 67 ===
=== 68 ===
=== 69 ===
=== 70 ===
=== 71 ===
=== 72 ===
=== 73 ===
=== 74 ===
=== 75 ===
=== 76 ===
--- mydetector ---
PixelHit 303, 1671, 156.836, 0
PixelHit 303, 1672, 58.9978, 0
PixelHit 307, 1668, 164.656, 0
PixelHit 307, 1669, 150.217, 0
PixelHit 308, 1669, 61.258, 0
PixelHit 310, 1668, 239.684, 0
PixelHit 310, 1669, 156.451, 0
PixelHit 311, 1667, 287.206, 0
PixelHit 312, 1666, 66.6781, 0
PixelHit 313, 1667, 296.592, 0
PixelHit 314, 1664, 79.5025, 0
PixelHit 314, 1666, 86.0946, 0
PixelHit 315, 1665, 152.98, 0
PixelHit 315, 1666, 198.772, 0
PixelHit 318, 1663, 163.009, 0
PixelHit 318, 1664, 105.144, 0
PixelHit 319, 1664, 146.427, 0
PixelHit 320, 1661, 77.8729, 0
PixelHit 320, 1662, 58.8039, 0
PixelHit 320, 1663, 175.577, 0
PixelHit 321, 1661, 91.5317, 0
PixelHit 321, 1662, 69.5114, 0
PixelHit 321, 1664, 169.415, 0
PixelHit 322, 1660, 262.219, 0
PixelHit 322, 1661, 150.347, 0
PixelHit 323, 1661, 165.531, 0
PixelHit 323, 1662, 84.1059, 0
PixelHit 324, 1658, 201.909, 0
PixelHit 324, 1661, 153.081, 0
PixelHit 325, 1662, 361.128, 0
PixelHit 326, 1658, 148.88, 0
PixelHit 327, 1657, 130.685, 0
PixelHit 329, 1656, 310.272, 0
PixelHit 329, 1657, 378.268, 0
PixelHit 329, 1658, 58.1525, 0
PixelHit 330, 1656, 249.144, 0
PixelHit 330, 1658, 310.488, 0
PixelHit 331, 1656, 241.311, 0
PixelHit 331, 1657, 107.444, 0
PixelHit 332, 1655, 126.361, 0
PixelHit 332, 1656, 174.403, 0
PixelHit 333, 1655, 73.0254, 0
PixelHit 334, 1656, 198.322, 0
PixelHit 336, 1653, 131.855, 0
PixelHit 336, 1654, 94.0906, 0
PixelHit 336, 1656, 66.3978, 0
PixelHit 337, 1653, 211.999, 0
PixelHit 337, 1654, 59.0675, 0
PixelHit 337, 1656, 159.83, 0
PixelHit 338, 1655, 78.0877, 0
PixelHit 339, 1651, 196.512, 0
PixelHit 339, 1653, 77.4666, 0
PixelHit 340, 1649, 97.7443, 0
PixelHit 340, 1650, 157.58, 0
PixelHit 340, 1653, 53.5606, 0
PixelHit 342, 1650, 180.816, 0
PixelHit 344, 1649, 88.2294, 0
PixelHit 347, 1648, 107.371, 0
PixelHit 349, 1646, 145.503, 0
PixelHit 350, 1642, 180.623, 0
PixelHit 350, 1648, 100.608, 0
PixelHit 351, 1645, 108.188, 0
PixelHit 352, 1645, 183.747, 0
PixelHit 352, 1646, 103.515, 0
PixelHit 353, 1645, 184.092, 0
PixelHit 353, 1647, 46.9271, 0
PixelHit 354, 1643, 84.1645, 0
PixelHit 354, 1645, 96.7844, 0
PixelHit 354, 1646, 284.315, 0
PixelHit 355, 1647, 110.078, 0
PixelHit 356, 1640, 149.258, 0
PixelHit 356, 1642, 203.981, 0
PixelHit 356, 1645, 166.934, 0
PixelHit 357, 1638, 170.914, 0
PixelHit 358, 1632, 164.695, 0
PixelHit 359, 1640, 290.002, 0
PixelHit 359, 1641, 57.5109, 0
PixelHit 359, 1643, 69.2688, 0
PixelHit 360, 1638, 149.261, 0
PixelHit 360, 1639, 92.8357, 0
PixelHit 360, 1640, 169.866, 0
PixelHit 360, 1641, 304.87, 0
PixelHit 360, 1642, 67.4209, 0
PixelHit 360, 1643, 113.151, 0
PixelHit 361, 1638, 132.451, 0
PixelHit 361, 1640, 103.001, 0
PixelHit 361, 1641, 111.418, 0
PixelHit 361, 1644, 117.953, 0
PixelHit 362, 1637, 121.873, 0
PixelHit 362, 1642, 56.9238, 0
PixelHit 363, 1637, 89.0063, 0
PixelHit 363, 1638, 91.9143, 0
PixelHit 363, 1640, 55.356, 0
PixelHit 366, 1639, 91.8492, 0
=== 77 ===
=== 78 ===
=== 79 ===
=== 80 ===
=== 81 ===
=== 82 ===
=== 83 ===
=== 84 ===
=== 85 ===
=== 86 ===
=== 87 ===
=== 88 ===
=== 89 ===
=== 90 ===
=== 91 ===
=== 92 ===
=== 93 ===
=== 94 ===
=== 95 ===
=== 96 ===
=== 97 ===
=== 98 ===
=== 99 ===
=== 100 ===
# 287 objects from 4 messages
