# Allpix Squared ASCII data - https://cern.ch/allpix-squared

=== 1 ===
=== 2 ===
=== 3 ===
=== 4 ===
=== 5 ===
=== 6 ===
=== 7 ===
=== 8 ===
=== 9 ===
=== 10 ===
=== 11 ===
=== 12 ===
=== 13 ===
=== 14 ===
=== 15 ===
=== 16 ===
=== 17 ===
=== 18 ===
=== 19 ===
=== 20 ===
=== 21 ===
=== 22 ===
=== 23 ===
=== 24 ===
--- mydetector ---
PixelHit 1128, 940, 187.316, 0
PixelHit 1129, 939, 124.71, 0
PixelHit 1130, 939, 72.0534, 0
PixelHit 1133, 938, 148.787, 0
PixelHit 1133, 939, 280.945, 0
PixelHit 1137, 937, 68.4724, 0
PixelHit 1140, 935, 74.6579, 0
PixelHit 1142, 935, 81.9007, 0
PixelHit 1143, 934, 101.858, 0
PixelHit 1143, 935, 243.099, 0
PixelHit 1143, 936, 93.4348, 0
PixelHit 1144, 935, 71.4266, 0
PixelHit 1144, 936, 290.081, 0
PixelHit 1145, 935, 95.6951, 0
PixelHit 1148, 934, 67.3723, 0
PixelHit 1149, 933, 46.0104, 0
PixelHit 1149, 934, 81.1866, 0
PixelHit 1151, 933, 139.251, 0
PixelHit 1151, 935, 175.607, 0
PixelHit 1152, 933, 80.4333, 0
PixelHit 1153, 933, 83.8337, 0
PixelHit 1154, 932, 113.84, 0
PixelHit 1155, 933, 80.9735, 0
PixelHit 1156, 932, 227.391, 0
PixelHit 1157, 930, 182.545, 0
PixelHit 1157, 934, 85.8988, 0
PixelHit 1158, 931, 63.2773, 0
PixelHit 1159, 932, 79.1518, 0
PixelHit 1160, 931, 53.6917, 0
PixelHit 1162, 931, 76.9096, 0
PixelHit 1163, 932, 84.1248, 0
PixelHit 1165, 929, 180.194, 0
PixelHit 1166, 929, 182.692, 0
PixelHit 1166, 930, 52.8478, 0
PixelHit 1167, 929, 92.9596, 0
PixelHit 1168, 926, 135.568, 0
PixelHit 1168, 930, 113.081, 0
PixelHit 1171, 929, 61.6918, 0
PixelHit 1172, 929, 64.751, 0
PixelHit 1175, 926, 263.932, 0
PixelHit 1176, 928, 98.9519, 0
PixelHit 1178, 925, 76.8274, 0
PixelHit 1179, 925, 91.051, 0
PixelHit 1179, 927, 88.4147, 0
PixelHit 1180, 928, 119.289, 0
PixelHit 1180, 929, 122.056, 0
PixelHit 1181, 929, 212.728, 0
PixelHit 1182, 922, 237.226, 0
PixelHit 1182, 924, 82.7304, 0
PixelHit 1183, 925, 240.375, 0
PixelHit 1184, 925, 61.6012, 0
PixelHit 1185, 923, 116.55, 0
PixelHit 1185, 924, 149.069, 0
PixelHit 1186, 923, 248.642, 0
PixelHit 1186, 924, 54.3904, 0
PixelHit 1186, 925, 71.7379, 0
PixelHit 1189, 925, 199.319, 0
PixelHit 1363, 1081, 118.235, 0
PixelHit 1363, 1082, 156.987, 0
PixelHit 1364, 1081, 55.7476, 0
PixelHit 1364, 1082, 73.289, 0
PixelHit 1367, 1080, 167.005, 0
PixelHit 1367, 1081, 215.008, 0
PixelHit 1369, 1079, 64.8227, 0
PixelHit 1369, 1080, 80.1091, 0
PixelHit 1371, 1080, 175.491, 0
PixelHit 1372, 1079, 85.4104, 0
PixelHit 1375, 1078, 110.223, 0
PixelHit 1376, 1076, 58.972, 0
PixelHit 1376, 1077, 188.8, 0
PixelHit 1376, 1078, 91.4027, 0
PixelHit 1377, 1078, 62.4555, 0
PixelHit 1378, 1076, 54.3645, 0
PixelHit 1380, 1077, 204.425, 0
PixelHit 1383, 1075, 58.9757, 0
PixelHit 1384, 1076, 80.6619, 0
PixelHit 1384, 1077, 110.492, 0
PixelHit 1385, 1074, 179.231, 0
PixelHit 1385, 1075, 184.288, 0
PixelHit 1388, 1072, 60.207, 0
PixelHit 1390, 1073, 178.081, 0
PixelHit 1390, 1074, 77.7681, 0
PixelHit 1391, 1073, 52.4531, 0
PixelHit 1391, 1076, 165.351, 0
PixelHit 1393, 1070, 85.76, 0
PixelHit 1394, 1071, 106.402, 0
PixelHit 1395, 1072, 68.6498, 0
PixelHit 1396, 1070, 65.2566, 0
PixelHit 1396, 1074, 110.087, 0
PixelHit 1397, 1071, 184.314, 0
PixelHit 1397, 1072, 189.357, 0
PixelHit 1398, 1069, 85.6603, 0
PixelHit 1399, 1072, 106.857, 0
PixelHit 1401, 1071, 81.6865, 0
PixelHit 1404, 1069, 271.083, 0
PixelHit 1405, 1068, 116.958, 0
PixelHit 1407, 1068, 140.591, 0
PixelHit 1408, 1065, 267.22, 0
PixelHit 1408, 1069, 126.787, 0
PixelHit 1411, 1068, 163.178, 0
PixelHit 1412, 1064, 159.834, 0
PixelHit 1412, 1065, 123.423, 0
PixelHit 1413, 1065, 61.2786, 0
PixelHit 1414, 1066, 116.9, 0
PixelHit 1417, 1064, 84.9014, 0
PixelHit 1417, 1065, 192.521, 0
PixelHit 1417, 1066, 65.6749, 0
PixelHit 1417, 1068, 130.958, 0
PixelHit 1418, 1068, 95.8294, 0
PixelHit 1420, 1064, 91.2349, 0
PixelHit 1421, 1063, 60.0068, 0
PixelHit 1421, 1065, 105.385, 0
=== 25 ===
=== 26 ===
=== 27 ===
=== 28 ===
=== 29 ===
=== 30 ===
=== 31 ===
--- mydetector ---
PixelHit 1225, 974, 171.209, 0
PixelHit 1230, 972, 133.75, 0
PixelHit 1231, 971, 165.7, 0
PixelHit 1232, 972, 98.0041, 0
PixelHit 1234, 971, 53.0507, 0
PixelHit 1236, 971, 171.817, 0
PixelHit 1237, 970, 69.1536, 0
PixelHit 1238, 970, 307.676, 0
PixelHit 1239, 969, 127.07, 0
PixelHit 1240, 968, 63.1062, 0
PixelHit 1240, 970, 122.936, 0
PixelHit 1241, 967, 100.96, 0
PixelHit 1241, 970, 217.507, 0
PixelHit 1244, 969, 136.305, 0
PixelHit 1245, 967, 149.835, 0
PixelHit 1245, 968, 143.462, 0
PixelHit 1246, 968, 226.122, 0
PixelHit 1248, 968, 84.561, 0
PixelHit 1249, 966, 102.217, 0
PixelHit 1251, 967, 176.645, 0
PixelHit 1254, 964, 59.9777, 0
PixelHit 1255, 965, 159.382, 0
PixelHit 1255, 966, 62.5879, 0
PixelHit 1256, 963, 75.7132, 0
PixelHit 1256, 964, 150.194, 0
PixelHit 1256, 967, 120.737, 0
PixelHit 1257, 964, 43.0523, 0
PixelHit 1257, 968, 161.58, 0
PixelHit 1258, 962, 177.507, 0
PixelHit 1258, 964, 65.6116, 0
PixelHit 1263, 961, 127.669, 0
PixelHit 1263, 962, 169.621, 0
PixelHit 1263, 963, 52.5336, 0
PixelHit 1263, 966, 128.283, 0
PixelHit 1264, 962, 172.85, 0
PixelHit 1264, 965, 169.376, 0
PixelHit 1265, 962, 89.422, 0
PixelHit 1266, 961, 103.879, 0
PixelHit 1269, 960, 72.4059, 0
PixelHit 1269, 961, 79.1404, 0
PixelHit 1270, 957, 178.001, 0
PixelHit 1270, 958, 79.2166, 0
PixelHit 1270, 959, 68.1911, 0
PixelHit 1270, 960, 111.678, 0
PixelHit 1271, 959, 154.993, 0
PixelHit 1271, 961, 56.3736, 0
PixelHit 1271, 963, 135.199, 0
PixelHit 1272, 960, 212.951, 0
PixelHit 1272, 961, 229.408, 0
PixelHit 1272, 962, 170.541, 0
PixelHit 1272, 963, 184.816, 0
PixelHit 1273, 957, 79.796, 0
PixelHit 1273, 958, 226.008, 0
PixelHit 1273, 959, 70.7647, 0
PixelHit 1274, 958, 49.8072, 0
PixelHit 1274, 959, 120.125, 0
PixelHit 1274, 960, 248.758, 0
PixelHit 1275, 959, 97.2705, 0
PixelHit 1275, 960, 126.572, 0
PixelHit 1276, 958, 93.4359, 0
PixelHit 1277, 957, 161.761, 0
PixelHit 1277, 960, 243.779, 0
PixelHit 1278, 957, 92.2168, 0
PixelHit 1278, 959, 217.132, 0
PixelHit 1279, 956, 256.421, 0
PixelHit 1279, 957, 127.087, 0
PixelHit 1279, 959, 102.665, 0
PixelHit 1279, 962, 216.623, 0
PixelHit 1280, 955, 122.013, 0
PixelHit 1280, 957, 272.355, 0
PixelHit 1280, 960, 136.996, 0
PixelHit 1281, 954, 81.937, 0
PixelHit 1281, 955, 221.311, 0
PixelHit 1281, 956, 139.294, 0
PixelHit 1281, 958, 134.237, 0
PixelHit 1281, 962, 106, 0
PixelHit 1282, 959, 87.9584, 0
PixelHit 1283, 952, 153.572, 0
PixelHit 1284, 956, 248.272, 0
PixelHit 1284, 958, 75.1769, 0
PixelHit 1285, 961, 209.65, 0
=== 32 ===
=== 33 ===
=== 34 ===
=== 35 ===
--- mydetector ---
PixelHit 1169, 1019, 136.176, 0
PixelHit 1170, 1018, 89.7103, 0
PixelHit 1173, 1016, 84.9464, 0
PixelHit 1174, 1017, 133.902, 0
PixelHit 1176, 1016, 123.336, 0
PixelHit 1180, 1016, 268.196, 0
PixelHit 1184, 1013, 72.6319, 0
PixelHit 1185, 1014, 163.141, 0
PixelHit 1185, 1015, 84.8016, 0
PixelHit 1186, 1013, 80.6233, 0
PixelHit 1187, 1012, 173.797, 0
PixelHit 1188, 1013, 131.976, 0
PixelHit 1189, 1013, 91.2331, 0
PixelHit 1189, 1015, 70.1327, 0
PixelHit 1191, 1011, 93.5134, 0
PixelHit 1191, 1012, 132.359, 0
PixelHit 1195, 1009, 59.9868, 0
PixelHit 1196, 1010, 104.808, 0
PixelHit 1196, 1012, 166.593, 0
PixelHit 1199, 1010, 145.363, 0
PixelHit 1203, 1009, 243.953, 0
PixelHit 1204, 1008, 98.9168, 0
PixelHit 1207, 1007, 47.6063, 0
PixelHit 1208, 1010, 73.6716, 0
PixelHit 1210, 1007, 199.89, 0
PixelHit 1211, 1005, 132.363, 0
PixelHit 1211, 1006, 72.0994, 0
PixelHit 1212, 1006, 193.662, 0
PixelHit 1212, 1007, 86.6634, 0
PixelHit 1214, 1006, 170.111, 0
PixelHit 1215, 1005, 68.5392, 0
PixelHit 1216, 1005, 70.8237, 0
PixelHit 1216, 1009, 59.1448, 0
PixelHit 1217, 1004, 86.787, 0
PixelHit 1218, 1005, 178.825, 0
PixelHit 1218, 1008, 92.7247, 0
PixelHit 1219, 1003, 162.212, 0
PixelHit 1219, 1006, 79.7735, 0
PixelHit 1220, 1002, 140.833, 0
PixelHit 1220, 1004, 258.043, 0
PixelHit 1221, 1006, 63.0861, 0
PixelHit 1222, 1000, 69.3618, 0
PixelHit 1222, 1001, 240.42, 0
PixelHit 1222, 1002, 118.789, 0
PixelHit 1222, 1003, 253.08, 0
PixelHit 1223, 1004, 115.077, 0
PixelHit 1223, 1005, 147.782, 0
PixelHit 1223, 1006, 119.228, 0
PixelHit 1224, 1002, 79.693, 0
PixelHit 1224, 1004, 172.467, 0
PixelHit 1226, 1004, 125.177, 0
PixelHit 1228, 1001, 57.9197, 0
PixelHit 1228, 1003, 113.275, 0
PixelHit 1229, 997, 54.6002, 0
=== 36 ===
=== 37 ===
=== 38 ===
--- mydetector ---
PixelHit 1293, 869, 95.1046, 0
PixelHit 1293, 870, 90.1724, 0
PixelHit 1294, 869, 351.326, 0
PixelHit 1296, 868, 137.126, 0
PixelHit 1298, 868, 75.7451, 0
PixelHit 1299, 868, 90.0139, 0
PixelHit 1299, 1276, 234.774, 0
PixelHit 1299, 1277, 52.3089, 0
PixelHit 1300, 868, 118.839, 0
PixelHit 1300, 1276, 58.9344, 0
PixelHit 1301, 866, 238.359, 0
PixelHit 1301, 1275, 154.899, 0
PixelHit 1302, 866, 246.918, 0
PixelHit 1302, 868, 202.15, 0
PixelHit 1303, 867, 235.686, 0
PixelHit 1304, 1274, 144.496, 0
PixelHit 1305, 865, 208.201, 0
PixelHit 1305, 867, 224.893, 0
PixelHit 1305, 1275, 93.2761, 0
PixelHit 1306, 1274, 347.393, 0
PixelHit 1307, 866, 282.742, 0
PixelHit 1307, 1274, 302.101, 0
PixelHit 1308, 863, 132.241, 0
PixelHit 1308, 864, 62.1084, 0
PixelHit 1308, 865, 247.665, 0
PixelHit 1308, 1275, 50.883, 0
PixelHit 1309, 865, 192.075, 0
PixelHit 1309, 866, 60.6761, 0
PixelHit 1310, 863, 48.5731, 0
PixelHit 1310, 866, 184.813, 0
PixelHit 1311, 1273, 118.389, 0
PixelHit 1312, 864, 107.237, 0
PixelHit 1312, 1272, 175.278, 0
PixelHit 1312, 1273, 193.311, 0
PixelHit 1314, 1271, 109.284, 0
PixelHit 1314, 1272, 246.412, 0
PixelHit 1315, 863, 328.526, 0
PixelHit 1315, 864, 130.802, 0
PixelHit 1315, 1271, 185.771, 0
PixelHit 1316, 864, 197.799, 0
PixelHit 1317, 863, 109.642, 0
PixelHit 1317, 1271, 164.554, 0
PixelHit 1318, 863, 311.895, 0
PixelHit 1318, 1269, 86.6666, 0
PixelHit 1318, 1270, 185.565, 0
PixelHit 1319, 864, 259.86, 0
PixelHit 1320, 862, 138.671, 0
PixelHit 1321, 1269, 188.63, 0
PixelHit 1321, 1270, 266.258, 0
PixelHit 1321, 1271, 188.062, 0
PixelHit 1322, 862, 89.7295, 0
PixelHit 1322, 863, 94.1819, 0
PixelHit 1323, 860, 129.436, 0
PixelHit 1323, 1268, 203.971, 0
PixelHit 1324, 860, 109.537, 0
PixelHit 1324, 1269, 73.0347, 0
PixelHit 1325, 861, 196.678, 0
PixelHit 1325, 862, 161.937, 0
PixelHit 1325, 1268, 76.4405, 0
PixelHit 1325, 1269, 174.898, 0
PixelHit 1325, 1270, 87.0773, 0
PixelHit 1326, 859, 70.0486, 0
PixelHit 1326, 861, 196.341, 0
PixelHit 1326, 862, 243.033, 0
PixelHit 1326, 1265, 57.1592, 0
PixelHit 1326, 1266, 200.657, 0
PixelHit 1326, 1268, 371.296, 0
PixelHit 1326, 1269, 317.454, 0
PixelHit 1326, 1270, 134.422, 0
PixelHit 1326, 1271, 95.1296, 0
PixelHit 1327, 862, 70.2043, 0
PixelHit 1327, 1267, 193.701, 0
PixelHit 1327, 1268, 882.414, 0
PixelHit 1327, 1269, 747.552, 0
PixelHit 1327, 1270, 390.726, 0
PixelHit 1327, 1271, 135.559, 0
PixelHit 1328, 860, 70.988, 0
PixelHit 1328, 1268, 368.638, 0
PixelHit 1328, 1269, 537.672, 0
PixelHit 1328, 1270, 81.0944, 0
PixelHit 1329, 1267, 160.597, 0
PixelHit 1329, 1268, 205.376, 0
PixelHit 1329, 1269, 65.4573, 0
PixelHit 1330, 858, 53.5173, 0
PixelHit 1330, 860, 168.62, 0
PixelHit 1330, 1263, 204.773, 0
PixelHit 1330, 1264, 79.8056, 0
PixelHit 1330, 1266, 137.613, 0
PixelHit 1330, 1267, 62.6273, 0
PixelHit 1331, 857, 140.499, 0
PixelHit 1331, 860, 80.4109, 0
PixelHit 1331, 861, 138.917, 0
PixelHit 1331, 1267, 73.9361, 0
PixelHit 1332, 855, 139.86, 0
PixelHit 1332, 858, 174.715, 0
PixelHit 1332, 861, 234.034, 0
PixelHit 1332, 1264, 171.065, 0
PixelHit 1333, 855, 127.585, 0
PixelHit 1333, 856, 135.596, 0
PixelHit 1333, 861, 189.688, 0
PixelHit 1333, 1264, 322.76, 0
PixelHit 1333, 1266, 260.722, 0
PixelHit 1334, 858, 147.617, 0
PixelHit 1334, 860, 153.102, 0
PixelHit 1334, 1263, 85.8026, 0
PixelHit 1335, 857, 109.131, 0
PixelHit 1335, 858, 59.7581, 0
PixelHit 1335, 860, 123.891, 0
PixelHit 1335, 1265, 313.392, 0
PixelHit 1336, 857, 77.3932, 0
PixelHit 1336, 858, 108.363, 0
PixelHit 1336, 859, 235.441, 0
PixelHit 1336, 1264, 108.372, 0
PixelHit 1336, 1265, 131.778, 0
PixelHit 1336, 1266, 254.489, 0
PixelHit 1336, 1267, 280.289, 0
PixelHit 1336, 1269, 109.756, 0
PixelHit 1337, 1263, 157.074, 0
PixelHit 1338, 853, 116.641, 0
PixelHit 1338, 1266, 71.118, 0
PixelHit 1339, 857, 176.866, 0
PixelHit 1339, 1262, 160.557, 0
PixelHit 1339, 1266, 260.327, 0
PixelHit 1340, 1263, 174.895, 0
PixelHit 1340, 1264, 143.419, 0
PixelHit 1341, 1261, 255.421, 0
PixelHit 1341, 1262, 163.475, 0
PixelHit 1341, 1263, 67.9082, 0
PixelHit 1342, 856, 141.937, 0
PixelHit 1342, 858, 232.182, 0
PixelHit 1342, 859, 162.858, 0
PixelHit 1342, 1262, 95.1878, 0
PixelHit 1342, 1265, 191.082, 0
PixelHit 1343, 856, 72.5252, 0
PixelHit 1344, 1260, 70.6642, 0
PixelHit 1344, 1262, 117.54, 0
PixelHit 1344, 1263, 172.155, 0
PixelHit 1345, 1260, 74.3871, 0
PixelHit 1346, 855, 110.774, 0
PixelHit 1347, 1261, 195.492, 0
PixelHit 1347, 1262, 116.569, 0
PixelHit 1348, 853, 54.6602, 0
PixelHit 1348, 855, 56.0116, 0
PixelHit 1348, 857, 114.657, 0
PixelHit 1348, 1259, 163.615, 0
PixelHit 1349, 853, 45.8469, 0
PixelHit 1349, 1258, 70.8757, 0
PixelHit 1350, 855, 96.7575, 0
PixelHit 1350, 856, 173.097, 0
PixelHit 1350, 1257, 145.133, 0
PixelHit 1350, 1259, 138.128, 0
PixelHit 1350, 1260, 49.9041, 0
PixelHit 1351, 1260, 70.6391, 0
PixelHit 1351, 1262, 95.7202, 0
PixelHit 1352, 1259, 127.009, 0
PixelHit 1352, 1261, 174.772, 0
PixelHit 1353, 1260, 69.2606, 0
PixelHit 1354, 1258, 98.945, 0
PixelHit 1357, 1258, 79.9429, 0
=== 39 ===
=== 40 ===
=== 41 ===
=== 42 ===
--- mydetector ---
PixelHit 1023, 1014, 61.2794, 0
PixelHit 1024, 1014, 237.097, 0
PixelHit 1024, 1015, 85.654, 0
PixelHit 1025, 1014, 108.634, 0
PixelHit 1026, 1013, 153.215, 0
PixelHit 1028, 1012, 179.798, 0
PixelHit 1028, 1013, 249.879, 0
PixelHit 1029, 1012, 133.287, 0
PixelHit 1029, 1013, 223.218, 0
PixelHit 1030, 1012, 82.0241, 0
PixelHit 1030, 1013, 210.34, 0
PixelHit 1032, 1012, 84.9052, 0
PixelHit 1033, 1011, 113.763, 0
PixelHit 1034, 1011, 140.212, 0
PixelHit 1035, 1011, 84.7772, 0
PixelHit 1035, 1012, 151.778, 0
PixelHit 1036, 1010, 222.912, 0
PixelHit 1036, 1011, 62.2002, 0
PixelHit 1037, 1011, 91.1488, 0
PixelHit 1038, 1010, 102.013, 0
PixelHit 1039, 1008, 218.321, 0
PixelHit 1040, 1008, 134.023, 0
PixelHit 1040, 1009, 117.309, 0
PixelHit 1041, 1010, 132.679, 0
PixelHit 1042, 1009, 107.36, 0
PixelHit 1045, 1009, 97.4212, 0
PixelHit 1048, 1005, 71.0026, 0
PixelHit 1049, 1007, 148.554, 0
PixelHit 1050, 1005, 99.549, 0
PixelHit 1051, 1004, 254.422, 0
PixelHit 1051, 1006, 64.081, 0
PixelHit 1051, 1008, 179.226, 0
PixelHit 1052, 1006, 206.36, 0
PixelHit 1052, 1007, 183.847, 0
PixelHit 1053, 1007, 96.473, 0
PixelHit 1055, 1006, 210.241, 0
PixelHit 1056, 1002, 137.724, 0
PixelHit 1057, 1006, 78.4336, 0
PixelHit 1058, 1006, 57.8199, 0
PixelHit 1059, 1003, 149.86, 0
PixelHit 1060, 1001, 60.513, 0
PixelHit 1060, 1003, 235.001, 0
PixelHit 1063, 1002, 179.133, 0
PixelHit 1064, 1003, 151.252, 0
PixelHit 1065, 999, 149.319, 0
PixelHit 1065, 1003, 81.4615, 0
PixelHit 1066, 1002, 67.2821, 0
PixelHit 1066, 1003, 167.928, 0
PixelHit 1066, 1005, 88.9719, 0
PixelHit 1067, 1000, 114.842, 0
PixelHit 1067, 1002, 111.521, 0
PixelHit 1067, 1003, 118.16, 0
PixelHit 1068, 1004, 130.845, 0
PixelHit 1069, 1002, 93.1465, 0
PixelHit 1070, 999, 169.25, 0
PixelHit 1070, 1001, 218.137, 0
PixelHit 1070, 1002, 315.283, 0
PixelHit 1070, 1003, 180.942, 0
PixelHit 1071, 999, 162.574, 0
PixelHit 1071, 1000, 117.088, 0
PixelHit 1071, 1001, 264.259, 0
PixelHit 1071, 1002, 107.547, 0
PixelHit 1071, 1004, 184.613, 0
PixelHit 1072, 998, 212.647, 0
PixelHit 1072, 999, 121.589, 0
PixelHit 1072, 1000, 210.218, 0
PixelHit 1072, 1002, 137.432, 0
PixelHit 1072, 1003, 273.675, 0
PixelHit 1073, 996, 164.995, 0
PixelHit 1073, 1000, 268.43, 0
PixelHit 1073, 1001, 181.539, 0
PixelHit 1073, 1002, 45.6518, 0
PixelHit 1073, 1004, 156.109, 0
PixelHit 1074, 997, 178.279, 0
PixelHit 1074, 999, 299.043, 0
PixelHit 1074, 1001, 130.176, 0
PixelHit 1074, 1004, 152.562, 0
PixelHit 1075, 997, 133.516, 0
PixelHit 1075, 998, 50.0721, 0
PixelHit 1075, 1003, 137.928, 0
PixelHit 1076, 997, 217.129, 0
PixelHit 1076, 999, 103.144, 0
PixelHit 1076, 1000, 130.145, 0
PixelHit 1076, 1001, 168.895, 0
PixelHit 1076, 1002, 185.747, 0
PixelHit 1077, 996, 93.9609, 0
PixelHit 1077, 1000, 150.635, 0
PixelHit 1077, 1001, 58.8822, 0
PixelHit 1077, 1002, 171.14, 0
PixelHit 1077, 1003, 179.042, 0
PixelHit 1078, 999, 211.574, 0
PixelHit 1078, 1000, 65.8466, 0
PixelHit 1079, 995, 72.2037, 0
PixelHit 1079, 996, 63.2087, 0
PixelHit 1079, 997, 61.8472, 0
PixelHit 1079, 998, 139.721, 0
PixelHit 1079, 999, 220.215, 0
PixelHit 1080, 996, 72.3384, 0
PixelHit 1080, 997, 60.3717, 0
PixelHit 1080, 998, 136.447, 0
PixelHit 1080, 999, 55.8437, 0
PixelHit 1080, 1001, 353.393, 0
PixelHit 1081, 997, 117.01, 0
PixelHit 1081, 998, 109.495, 0
PixelHit 1082, 997, 63.8184, 0
=== 43 ===
=== 44 ===
=== 45 ===
=== 46 ===
=== 47 ===
=== 48 ===
=== 49 ===
=== 50 ===
=== 51 ===
=== 52 ===
=== 53 ===
=== 54 ===
=== 55 ===
=== 56 ===
=== 57 ===
=== 58 ===
=== 59 ===
=== 60 ===
=== 61 ===
=== 62 ===
=== 63 ===
=== 64 ===
=== 65 ===
=== 66 ===
=== 67 ===
=== 68 ===
=== 69 ===
=== 70 ===
=== 71 ===
=== 72 ===
=== 73 ===
=== 74 ===
=== 75 ===
=== 76 ===
=== 77 ===
=== 78 ===
=== 79 ===
=== 80 ===
=== 81 ===
=== 82 ===
=== 83 ===
=== 84 ===
=== 85 ===
=== 86 ===
=== 87 ===
=== 88 ===
=== 89 ===
=== 90 ===
=== 91 ===
=== 92 ===
=== 93 ===
=== 94 ===
=== 95 ===
=== 96 ===
--- mydetector ---
PixelHit 1271, 975, 56.0317, 0
PixelHit 1272, 974, 182.729, 0
PixelHit 1273, 974, 281.319, 0
PixelHit 1273, 975, 202.731, 0
PixelHit 1277, 974, 78.8352, 0
PixelHit 1278, 972, 191.307, 0
PixelHit 1278, 974, 216.497, 0
PixelHit 1279, 972, 138.114, 0
PixelHit 1279, 973, 100.275, 0
PixelHit 1280, 972, 183.146, 0
PixelHit 1281, 971, 205.891, 0
PixelHit 1282, 971, 234.183, 0
PixelHit 1282, 973, 144.394, 0
PixelHit 1283, 970, 72.7389, 0
PixelHit 1283, 973, 79.8344, 0
PixelHit 1286, 970, 91.7935, 0
PixelHit 1287, 970, 255.606, 0
PixelHit 1288, 970, 173.378, 0
PixelHit 1288, 971, 109.131, 0
PixelHit 1289, 969, 231.246, 0
PixelHit 1290, 969, 48.1473, 0
PixelHit 1291, 968, 76.6627, 0
PixelHit 1291, 970, 256.164, 0
PixelHit 1292, 971, 98.8238, 0
PixelHit 1293, 968, 166.704, 0
PixelHit 1295, 969, 118.093, 0
PixelHit 1297, 967, 274.157, 0
PixelHit 1298, 968, 66.4518, 0
PixelHit 1299, 966, 88.3317, 0
PixelHit 1299, 968, 144.757, 0
PixelHit 1300, 967, 113.536, 0
PixelHit 1300, 968, 93.5717, 0
PixelHit 1301, 967, 97.3571, 0
PixelHit 1301, 968, 270.531, 0
PixelHit 1302, 965, 292.221, 0
PixelHit 1302, 967, 99.3644, 0
PixelHit 1303, 965, 58.7247, 0
PixelHit 1307, 961, 98.7721, 0
PixelHit 1307, 964, 77.3842, 0
PixelHit 1308, 967, 290.83, 0
PixelHit 1310, 963, 141.302, 0
PixelHit 1310, 965, 158.751, 0
PixelHit 1311, 965, 173.932, 0
PixelHit 1313, 962, 103.206, 0
PixelHit 1315, 963, 134.761, 0
PixelHit 1315, 966, 91.6687, 0
PixelHit 1316, 963, 210.01, 0
PixelHit 1316, 965, 194.506, 0
PixelHit 1317, 961, 62.5668, 0
PixelHit 1317, 962, 83.3198, 0
PixelHit 1317, 963, 91.6468, 0
PixelHit 1317, 964, 103.138, 0
PixelHit 1318, 961, 84.7336, 0
PixelHit 1319, 961, 84.3625, 0
PixelHit 1319, 965, 99.5066, 0
PixelHit 1320, 961, 110.469, 0
PixelHit 1320, 962, 156.956, 0
PixelHit 1321, 962, 161.657, 0
PixelHit 1322, 959, 122.684, 0
PixelHit 1323, 958, 85.9471, 0
PixelHit 1323, 961, 121.613, 0
PixelHit 1324, 960, 75.7809, 0
PixelHit 1325, 959, 64.0175, 0
PixelHit 1326, 956, 88.5936, 0
PixelHit 1326, 957, 235.166, 0
PixelHit 1328, 959, 158.95, 0
PixelHit 1328, 960, 191.781, 0
PixelHit 1329, 959, 153.793, 0
PixelHit 1330, 959, 71.2737, 0
PixelHit 1923, 915, 82.2604, 0
PixelHit 1924, 915, 167.7, 0
PixelHit 1925, 915, 125.192, 0
PixelHit 1926, 914, 81.559, 0
PixelHit 1926, 915, 198.568, 0
PixelHit 1927, 914, 115.771, 0
PixelHit 1928, 914, 164.125, 0
PixelHit 1929, 913, 65.9019, 0
PixelHit 1929, 914, 206.013, 0
PixelHit 1930, 913, 76.4464, 0
PixelHit 1931, 912, 184.97, 0
PixelHit 1931, 913, 232.25, 0
PixelHit 1933, 912, 104.192, 0
PixelHit 1936, 910, 155.586, 0
PixelHit 1936, 911, 131.477, 0
PixelHit 1936, 912, 127.521, 0
PixelHit 1941, 909, 69.1515, 0
PixelHit 1941, 910, 76.7963, 0
PixelHit 1942, 911, 102.06, 0
PixelHit 1942, 912, 121.502, 0
PixelHit 1943, 908, 198.746, 0
PixelHit 1944, 908, 97.3997, 0
PixelHit 1945, 906, 74.0997, 0
PixelHit 1946, 909, 113.381, 0
PixelHit 1948, 906, 72.3926, 0
PixelHit 1951, 906, 165.713, 0
PixelHit 1954, 904, 93.4434, 0
PixelHit 1956, 902, 133.902, 0
PixelHit 1956, 904, 110.834, 0
PixelHit 1956, 905, 82.7328, 0
PixelHit 1956, 908, 142.479, 0
PixelHit 1957, 907, 160.837, 0
PixelHit 1958, 904, 86.5533, 0
PixelHit 1959, 902, 76.0413, 0
PixelHit 1959, 903, 95.553, 0
PixelHit 1959, 904, 58.8797, 0
PixelHit 1959, 905, 189.352, 0
PixelHit 1960, 903, 187.534, 0
PixelHit 1960, 904, 294.398, 0
PixelHit 1961, 903, 86.7575, 0
PixelHit 1961, 905, 64.667, 0
PixelHit 1962, 902, 233.384, 0
PixelHit 1962, 903, 72.7106, 0
PixelHit 1962, 904, 191.613, 0
PixelHit 1963, 899, 105.401, 0
PixelHit 1963, 901, 235.782, 0
PixelHit 1963, 902, 147.225, 0
PixelHit 1964, 901, 81.6233, 0
PixelHit 1964, 902, 89.3207, 0
PixelHit 1965, 902, 141.663, 0
PixelHit 1965, 903, 123.046, 0
PixelHit 1965, 904, 145.933, 0
PixelHit 1966, 899, 128.554, 0
PixelHit 1966, 901, 61.035, 0
PixelHit 1966, 902, 136.912, 0
PixelHit 1967, 900, 162.39, 0
PixelHit 1967, 901, 47.7561, 0
PixelHit 1967, 903, 93.4624, 0
PixelHit 1968, 901, 57.5534, 0
PixelHit 1968, 903, 250.11, 0
PixelHit 1969, 901, 308.231, 0
PixelHit 1970, 903, 106.151, 0
PixelHit 1971, 896, 79.988, 0
PixelHit 1971, 901, 215.832, 0
PixelHit 1972, 899, 160.352, 0
PixelHit 1972, 900, 65.7279, 0
PixelHit 1973, 895, 105.451, 0
PixelHit 1973, 900, 172.951, 0
PixelHit 1974, 898, 141.465, 0
PixelHit 1974, 901, 156.289, 0
PixelHit 1977, 895, 106.042, 0
=== 97 ===
=== 98 ===
=== 99 ===
--- mydetector ---
PixelHit 1253, 1024, 214.215, 0
PixelHit 1254, 1023, 157.407, 0
PixelHit 1255, 1024, 182.896, 0
PixelHit 1260, 1023, 80.7744, 0
PixelHit 1261, 1021, 255.233, 0
PixelHit 1261, 1022, 142.266, 0
PixelHit 1261, 1023, 79.9843, 0
PixelHit 1262, 1021, 164.952, 0
PixelHit 1262, 1022, 78.4487, 0
PixelHit 1263, 1020, 324.481, 0
PixelHit 1264, 1021, 249.655, 0
PixelHit 1267, 1020, 115.82, 0
PixelHit 1267, 1021, 54.2258, 0
PixelHit 1268, 1019, 195.237, 0
PixelHit 1269, 1018, 199.68, 0
PixelHit 1270, 1017, 134.399, 0
PixelHit 1270, 1018, 153.243, 0
PixelHit 1270, 1019, 118.083, 0
PixelHit 1270, 1020, 127.035, 0
PixelHit 1271, 1017, 73.2281, 0
PixelHit 1271, 1020, 187.577, 0
PixelHit 1272, 1016, 65.5671, 0
PixelHit 1272, 1017, 276.593, 0
PixelHit 1272, 1018, 67.6303, 0
PixelHit 1273, 1019, 98.6719, 0
PixelHit 1273, 1020, 131.699, 0
PixelHit 1275, 1016, 338.99, 0
PixelHit 1275, 1017, 84.8572, 0
PixelHit 1278, 1015, 80.3272, 0
PixelHit 1278, 1017, 126.49, 0
PixelHit 1279, 1014, 142.196, 0
PixelHit 1280, 1015, 86.2753, 0
PixelHit 1282, 1017, 123.589, 0
PixelHit 1283, 1013, 190.796, 0
PixelHit 1285, 1012, 246.183, 0
PixelHit 1285, 1015, 206.517, 0
PixelHit 1286, 1012, 93.2355, 0
PixelHit 1286, 1014, 141.874, 0
PixelHit 1287, 1012, 108.669, 0
PixelHit 1290, 1013, 63.4813, 0
PixelHit 1291, 1015, 206.596, 0
PixelHit 1292, 1012, 95.8489, 0
PixelHit 1293, 1011, 180.423, 0
PixelHit 1293, 1013, 60.3282, 0
PixelHit 1294, 1010, 134.552, 0
PixelHit 1297, 1011, 239.073, 0
PixelHit 1297, 1013, 83.0022, 0
PixelHit 1298, 1012, 235.268, 0
PixelHit 1299, 1010, 138.324, 0
PixelHit 1299, 1011, 73.7031, 0
PixelHit 1299, 1012, 57.4869, 0
PixelHit 1300, 1010, 86.3646, 0
PixelHit 1300, 1011, 71.7327, 0
PixelHit 1300, 1012, 74.8222, 0
PixelHit 1301, 1007, 170.135, 0
PixelHit 1303, 1009, 197.136, 0
PixelHit 1303, 1010, 144.935, 0
PixelHit 1303, 1011, 173.339, 0
PixelHit 1304, 1006, 108.111, 0
PixelHit 1304, 1008, 330.114, 0
PixelHit 1304, 1010, 80.6121, 0
PixelHit 1305, 1005, 112.007, 0
PixelHit 1305, 1007, 92.0516, 0
PixelHit 1305, 1008, 120.65, 0
PixelHit 1305, 1010, 62.8707, 0
PixelHit 1305, 1013, 166.319, 0
PixelHit 1306, 1007, 336.552, 0
PixelHit 1306, 1008, 71.9746, 0
PixelHit 1306, 1010, 191.688, 0
PixelHit 1306, 1011, 108.745, 0
PixelHit 1307, 1006, 186.667, 0
PixelHit 1307, 1007, 61.3499, 0
PixelHit 1307, 1008, 101.692, 0
PixelHit 1308, 1004, 152.054, 0
PixelHit 1308, 1009, 153.108, 0
PixelHit 1309, 1006, 117.772, 0
PixelHit 1309, 1009, 68.1532, 0
PixelHit 1309, 1010, 114.744, 0
PixelHit 1311, 1010, 52.1571, 0
PixelHit 1312, 1009, 164.235, 0
=== 100 ===
# 731 objects from 7 messages
