# Allpix Squared ASCII data - https://cern.ch/allpix-squared

=== 1 ===
=== 2 ===
=== 3 ===
=== 4 ===
=== 5 ===
=== 6 ===
=== 7 ===
=== 8 ===
=== 9 ===
=== 10 ===
=== 11 ===
=== 12 ===
=== 13 ===
=== 14 ===
=== 15 ===
=== 16 ===
=== 17 ===
=== 18 ===
=== 19 ===
=== 20 ===
=== 21 ===
=== 22 ===
=== 23 ===
=== 24 ===
=== 25 ===
=== 26 ===
=== 27 ===
=== 28 ===
=== 29 ===
=== 30 ===
=== 31 ===
=== 32 ===
=== 33 ===
=== 34 ===
=== 35 ===
=== 36 ===
=== 37 ===
=== 38 ===
=== 39 ===
=== 40 ===
=== 41 ===
=== 42 ===
=== 43 ===
=== 44 ===
=== 45 ===
=== 46 ===
=== 47 ===
=== 48 ===
=== 49 ===
=== 50 ===
=== 51 ===
=== 52 ===
=== 53 ===
=== 54 ===
=== 55 ===
=== 56 ===
=== 57 ===
=== 58 ===
=== 59 ===
=== 60 ===
=== 61 ===
=== 62 ===
=== 63 ===
=== 64 ===
=== 65 ===
=== 66 ===
=== 67 ===
--- mydetector ---
PixelHit 1230, 1040, 107.416, 0
PixelHit 1230, 1045, 248.05, 0
PixelHit 1230, 1049, 303.608, 0
PixelHit 1230, 1073, 62.1358, 0
PixelHit 1231, 1045, 141.855, 0
PixelHit 1231, 1047, 184.364, 0
PixelHit 1231, 1048, 143.73, 0
PixelHit 1231, 1050, 56.4479, 0
PixelHit 1231, 1057, 71.0492, 0
PixelHit 1232, 1034, 283.876, 0
PixelHit 1232, 1038, 223.35, 0
PixelHit 1232, 1039, 203.243, 0
PixelHit 1232, 1040, 175.263, 0
PixelHit 1232, 1041, 262.833, 0
PixelHit 1232, 1042, 74.2181, 0
PixelHit 1232, 1043, 135.772, 0
PixelHit 1232, 1044, 60.1601, 0
PixelHit 1232, 1047, 163.729, 0
PixelHit 1232, 1049, 68.5363, 0
PixelHit 1232, 1053, 95.9372, 0
PixelHit 1232, 1070, 258.345, 0
PixelHit 1232, 1071, 81.3074, 0
PixelHit 1232, 1072, 76.9778, 0
PixelHit 1232, 1076, 269.443, 0
PixelHit 1233, 1035, 119.969, 0
PixelHit 1233, 1036, 482.848, 0
PixelHit 1233, 1037, 316.991, 0
PixelHit 1233, 1038, 132.259, 0
PixelHit 1233, 1039, 73.5281, 0
PixelHit 1233, 1042, 105.072, 0
PixelHit 1233, 1048, 188.294, 0
PixelHit 1233, 1049, 125.897, 0
PixelHit 1233, 1050, 75.2427, 0
PixelHit 1233, 1051, 249.404, 0
PixelHit 1233, 1053, 115.213, 0
PixelHit 1233, 1054, 278.628, 0
PixelHit 1233, 1057, 70.5995, 0
PixelHit 1233, 1063, 159.387, 0
PixelHit 1233, 1069, 149.381, 0
PixelHit 1233, 1071, 98.714, 0
PixelHit 1234, 1033, 106.895, 0
PixelHit 1234, 1034, 118.136, 0
PixelHit 1234, 1035, 84.9204, 0
PixelHit 1234, 1036, 530.584, 0
PixelHit 1234, 1037, 314.325, 0
PixelHit 1234, 1038, 88.9425, 0
PixelHit 1234, 1039, 162.905, 0
PixelHit 1234, 1040, 140.184, 0
PixelHit 1234, 1041, 89.8552, 0
PixelHit 1234, 1042, 93.2207, 0
PixelHit 1234, 1043, 58.9113, 0
PixelHit 1234, 1045, 76.8319, 0
PixelHit 1234, 1046, 149.132, 0
PixelHit 1234, 1049, 291.164, 0
PixelHit 1234, 1051, 190.234, 0
PixelHit 1234, 1054, 151.991, 0
PixelHit 1234, 1055, 201.643, 0
PixelHit 1234, 1056, 130.186, 0
PixelHit 1234, 1057, 81.9024, 0
PixelHit 1234, 1059, 213.074, 0
PixelHit 1234, 1061, 119.647, 0
PixelHit 1234, 1071, 154.053, 0
PixelHit 1234, 1074, 63.9232, 0
PixelHit 1235, 1033, 272.32, 0
PixelHit 1235, 1034, 76.3321, 0
PixelHit 1235, 1035, 81.1931, 0
PixelHit 1235, 1036, 163.396, 0
PixelHit 1235, 1037, 344.694, 0
PixelHit 1235, 1044, 143.572, 0
PixelHit 1235, 1045, 61.5601, 0
PixelHit 1235, 1047, 237.736, 0
PixelHit 1235, 1050, 69.0027, 0
PixelHit 1235, 1051, 243.882, 0
PixelHit 1235, 1054, 205.399, 0
PixelHit 1235, 1055, 63.0462, 0
PixelHit 1235, 1056, 241.522, 0
PixelHit 1235, 1057, 215.505, 0
PixelHit 1235, 1059, 156.151, 0
PixelHit 1235, 1060, 151.846, 0
PixelHit 1235, 1061, 181.922, 0
PixelHit 1235, 1063, 149.576, 0
PixelHit 1235, 1068, 137.08, 0
PixelHit 1235, 1069, 127.826, 0
PixelHit 1235, 1070, 161.151, 0
PixelHit 1235, 1071, 135.415, 0
PixelHit 1236, 1030, 201.221, 0
PixelHit 1236, 1032, 89.3822, 0
PixelHit 1236, 1033, 162.179, 0
PixelHit 1236, 1034, 129.295, 0
PixelHit 1236, 1035, 97.8452, 0
PixelHit 1236, 1036, 146.846, 0
PixelHit 1236, 1055, 91.0489, 0
PixelHit 1236, 1056, 100.46, 0
PixelHit 1236, 1057, 75.143, 0
PixelHit 1236, 1059, 98.5888, 0
PixelHit 1236, 1060, 225.054, 0
PixelHit 1236, 1061, 82.4356, 0
PixelHit 1236, 1062, 79.5468, 0
PixelHit 1236, 1064, 130.626, 0
PixelHit 1236, 1068, 87.9142, 0
PixelHit 1236, 1069, 315.586, 0
PixelHit 1236, 1070, 197.981, 0
PixelHit 1236, 1071, 259.185, 0
PixelHit 1237, 1032, 112.302, 0
PixelHit 1237, 1035, 123.976, 0
PixelHit 1237, 1037, 251.912, 0
PixelHit 1237, 1053, 68.1904, 0
PixelHit 1237, 1055, 80.3129, 0
PixelHit 1237, 1063, 107.261, 0
PixelHit 1237, 1064, 50.5755, 0
PixelHit 1237, 1067, 270.91, 0
PixelHit 1237, 1070, 87.974, 0
PixelHit 1237, 1071, 129.329, 0
PixelHit 1238, 1030, 81.9442, 0
PixelHit 1238, 1036, 193.013, 0
PixelHit 1238, 1061, 65.8852, 0
PixelHit 1238, 1062, 123.432, 0
PixelHit 1238, 1067, 135.96, 0
PixelHit 1238, 1068, 131.618, 0
PixelHit 1238, 1071, 162.817, 0
PixelHit 1239, 1029, 66.5021, 0
PixelHit 1239, 1031, 220.042, 0
PixelHit 1239, 1035, 172.3, 0
PixelHit 1239, 1063, 240.713, 0
PixelHit 1240, 1027, 97.832, 0
PixelHit 1240, 1029, 211.3, 0
PixelHit 1240, 1031, 90.2491, 0
PixelHit 1240, 1068, 197.457, 0
PixelHit 1241, 1030, 121.881, 0
PixelHit 1242, 1026, 139.219, 0
PixelHit 1243, 1025, 223.692, 0
PixelHit 1243, 1026, 122.854, 0
PixelHit 1243, 1027, 62.5273, 0
PixelHit 1243, 1028, 215.725, 0
PixelHit 1244, 1023, 116.801, 0
PixelHit 1244, 1024, 62.4011, 0
PixelHit 1244, 1025, 104.536, 0
PixelHit 1245, 1022, 55.964, 0
PixelHit 1245, 1024, 60.8539, 0
PixelHit 1245, 1025, 96.0826, 0
PixelHit 1245, 1027, 287.584, 0
PixelHit 1246, 1022, 258.608, 0
PixelHit 1246, 1024, 196.218, 0
PixelHit 1246, 1025, 72.9122, 0
PixelHit 1247, 1021, 73.4131, 0
PixelHit 1248, 1018, 94.9419, 0
PixelHit 1248, 1019, 199.89, 0
PixelHit 1248, 1020, 89.251, 0
PixelHit 1248, 1023, 175.876, 0
PixelHit 1249, 1015, 165.396, 0
PixelHit 1249, 1016, 745.05, 0
PixelHit 1249, 1017, 307.904, 0
PixelHit 1249, 1018, 190.861, 0
PixelHit 1249, 1019, 109.929, 0
PixelHit 1250, 1008, 97.0391, 0
PixelHit 1250, 1014, 161.969, 0
PixelHit 1250, 1016, 262.917, 0
PixelHit 1250, 1017, 318, 0
PixelHit 1251, 1010, 152.861, 0
PixelHit 1252, 1004, 115.174, 0
PixelHit 1252, 1007, 105.171, 0
PixelHit 1252, 1009, 164.324, 0
PixelHit 1253, 1006, 138.25, 0
PixelHit 1253, 1007, 113.208, 0
PixelHit 1253, 1008, 223.575, 0
PixelHit 1254, 1005, 144.515, 0
PixelHit 1254, 1008, 66.1783, 0
PixelHit 1256, 1004, 96.8678, 0
PixelHit 1257, 1002, 248.911, 0
PixelHit 1260, 998, 199.328, 0
PixelHit 1260, 999, 164.388, 0
PixelHit 1260, 1000, 260.634, 0
PixelHit 1261, 996, 208.92, 0
PixelHit 1261, 1002, 114.729, 0
PixelHit 1263, 995, 157.821, 0
PixelHit 1264, 996, 86.4393, 0
PixelHit 1264, 998, 106.28, 0
PixelHit 1265, 994, 127.836, 0
PixelHit 1265, 995, 132.074, 0
PixelHit 1266, 992, 208.435, 0
PixelHit 1266, 994, 330.327, 0
PixelHit 1266, 996, 61.3277, 0
PixelHit 1267, 992, 220.049, 0
PixelHit 1267, 994, 84.5644, 0
PixelHit 1267, 995, 230.948, 0
PixelHit 1268, 993, 139.516, 0
PixelHit 1268, 994, 124.721, 0
PixelHit 1269, 992, 128.43, 0
PixelHit 1271, 992, 135.154, 0
PixelHit 1272, 991, 207.071, 0
PixelHit 1273, 992, 208.799, 0
PixelHit 1273, 993, 262.247, 0
PixelHit 1274, 990, 103.249, 0
PixelHit 1274, 991, 74.9753, 0
PixelHit 1275, 990, 117.234, 0
PixelHit 1277, 988, 103.21, 0
PixelHit 1278, 986, 130.813, 0
PixelHit 1278, 988, 78.4971, 0
PixelHit 1279, 984, 147.046, 0
PixelHit 1279, 986, 165.672, 0
PixelHit 1280, 985, 123.451, 0
PixelHit 1282, 981, 59.1578, 0
PixelHit 1282, 987, 134.351, 0
PixelHit 1283, 983, 80.657, 0
PixelHit 1283, 984, 101.046, 0
PixelHit 1285, 984, 136.597, 0
PixelHit 1286, 980, 285.653, 0
PixelHit 1286, 982, 81.7892, 0
PixelHit 1287, 979, 153.327, 0
PixelHit 1287, 982, 132.793, 0
PixelHit 1288, 981, 68.8467, 0
PixelHit 1289, 979, 65.9717, 0
PixelHit 1289, 981, 221.308, 0
PixelHit 1290, 980, 153.868, 0
PixelHit 1290, 981, 87.7062, 0
PixelHit 1290, 982, 98.8815, 0
PixelHit 1291, 980, 114.043, 0
PixelHit 1291, 981, 150.602, 0
PixelHit 1292, 978, 131.252, 0
PixelHit 1293, 978, 246.45, 0
PixelHit 1294, 978, 50.2235, 0
PixelHit 1295, 975, 82.3426, 0
PixelHit 1296, 976, 133.06, 0
PixelHit 1296, 978, 114.223, 0
PixelHit 1296, 979, 165.404, 0
PixelHit 1298, 973, 85.4356, 0
PixelHit 1300, 976, 85.1219, 0
PixelHit 1301, 972, 200.351, 0
PixelHit 1301, 976, 51.3299, 0
PixelHit 1302, 973, 110.632, 0
PixelHit 1303, 973, 257.338, 0
PixelHit 1304, 974, 100.162, 0
PixelHit 1305, 970, 169.63, 0
PixelHit 1305, 972, 168.75, 0
PixelHit 1306, 970, 112.832, 0
PixelHit 1306, 972, 195.257, 0
PixelHit 1306, 974, 63.6368, 0
PixelHit 1307, 972, 206.378, 0
PixelHit 1308, 970, 153.214, 0
PixelHit 1308, 971, 165.717, 0
PixelHit 1309, 968, 198.724, 0
PixelHit 1309, 969, 66.4797, 0
PixelHit 1309, 971, 88.099, 0
PixelHit 1310, 969, 115.981, 0
PixelHit 1311, 970, 145.191, 0
PixelHit 1320, 966, 160.619, 0
=== 68 ===
=== 69 ===
=== 70 ===
=== 71 ===
=== 72 ===
=== 73 ===
=== 74 ===
=== 75 ===
=== 76 ===
=== 77 ===
=== 78 ===
=== 79 ===
=== 80 ===
=== 81 ===
=== 82 ===
=== 83 ===
=== 84 ===
=== 85 ===
=== 86 ===
=== 87 ===
=== 88 ===
=== 89 ===
=== 90 ===
=== 91 ===
=== 92 ===
=== 93 ===
=== 94 ===
=== 95 ===
=== 96 ===
=== 97 ===
=== 98 ===
=== 99 ===
=== 100 ===
# 246 objects from 1 messages
