# Allpix Squared ASCII data - https://cern.ch/allpix-squared

=== 1 ===
=== 2 ===
=== 3 ===
=== 4 ===
=== 5 ===
=== 6 ===
=== 7 ===
=== 8 ===
=== 9 ===
=== 10 ===
=== 11 ===
=== 12 ===
=== 13 ===
=== 14 ===
=== 15 ===
=== 16 ===
=== 17 ===
=== 18 ===
=== 19 ===
=== 20 ===
=== 21 ===
=== 22 ===
--- mydetector ---
PixelHit 1185, 1027, 1074.46, 0
PixelHit 1186, 1026, 114.22, 0
PixelHit 1187, 1027, 139.596, 0
PixelHit 1188, 1026, 71.7495, 0
PixelHit 1190, 1025, 271.17, 0
PixelHit 1191, 1024, 93.263, 0
PixelHit 1193, 1023, 215.818, 0
PixelHit 1193, 1024, 127.851, 0
PixelHit 1193, 1025, 114.341, 0
PixelHit 1194, 1024, 97.9518, 0
PixelHit 1196, 1023, 89.4777, 0
PixelHit 1197, 1024, 174.84, 0
PixelHit 1198, 1022, 148.947, 0
PixelHit 1199, 1023, 145.655, 0
PixelHit 1200, 1021, 58.7901, 0
PixelHit 1200, 1023, 165.205, 0
PixelHit 1201, 1023, 108.275, 0
PixelHit 1202, 1022, 255.388, 0
PixelHit 1203, 1021, 194.947, 0
PixelHit 1204, 1019, 138.502, 0
PixelHit 1205, 1021, 156.749, 0
PixelHit 1205, 1022, 241.734, 0
PixelHit 1206, 1020, 153.455, 0
PixelHit 1206, 1021, 230.462, 0
PixelHit 1208, 1018, 75.1383, 0
PixelHit 1208, 1019, 61.1351, 0
PixelHit 1208, 1021, 55.4461, 0
PixelHit 1210, 1020, 72.0056, 0
PixelHit 1211, 1017, 166.241, 0
PixelHit 1211, 1018, 95.9759, 0
PixelHit 1211, 1020, 273.987, 0
PixelHit 1213, 1020, 58.5494, 0
PixelHit 1215, 1017, 47.3093, 0
PixelHit 1216, 1018, 117.105, 0
PixelHit 1216, 1019, 60.9095, 0
PixelHit 1217, 1017, 138.523, 0
PixelHit 1221, 1014, 233.524, 0
PixelHit 1222, 1016, 189.836, 0
PixelHit 1226, 1013, 164.695, 0
PixelHit 1227, 1015, 269.113, 0
PixelHit 1229, 1015, 166.435, 0
PixelHit 1230, 1011, 143.429, 0
PixelHit 1230, 1015, 303.868, 0
PixelHit 1232, 1011, 88.1596, 0
PixelHit 1234, 1012, 182.413, 0
PixelHit 1235, 1010, 111.202, 0
PixelHit 1235, 1011, 175.11, 0
PixelHit 1235, 1012, 115.275, 0
PixelHit 1235, 1013, 201.865, 0
PixelHit 1236, 1009, 112.808, 0
PixelHit 1237, 1010, 97.2131, 0
PixelHit 1238, 1007, 188.228, 0
PixelHit 1240, 1012, 104.034, 0
PixelHit 1241, 1011, 111.428, 0
PixelHit 1242, 1009, 173.968, 0
PixelHit 1242, 1011, 49.6485, 0
PixelHit 1269, 980, 81.0757, 0
PixelHit 1272, 980, 71.3409, 0
PixelHit 1273, 979, 75.4566, 0
PixelHit 1273, 980, 117.619, 0
PixelHit 1274, 979, 71.9225, 0
PixelHit 1274, 980, 131.512, 0
PixelHit 1275, 978, 104.816, 0
PixelHit 1275, 979, 63.5267, 0
PixelHit 1276, 978, 108.511, 0
PixelHit 1276, 979, 186.295, 0
PixelHit 1278, 979, 112.891, 0
PixelHit 1279, 977, 90.9727, 0
PixelHit 1280, 978, 64.0223, 0
PixelHit 1281, 976, 181.782, 0
PixelHit 1282, 976, 96.6925, 0
PixelHit 1282, 978, 176.368, 0
PixelHit 1283, 975, 155.791, 0
PixelHit 1283, 976, 298.314, 0
PixelHit 1284, 976, 51.3397, 0
PixelHit 1285, 975, 165.143, 0
PixelHit 1286, 975, 155.148, 0
PixelHit 1286, 977, 55.692, 0
PixelHit 1287, 975, 136.818, 0
PixelHit 1288, 976, 73.076, 0
PixelHit 1289, 975, 109.322, 0
PixelHit 1289, 976, 160.189, 0
PixelHit 1289, 977, 123.309, 0
PixelHit 1290, 973, 53.4598, 0
PixelHit 1290, 974, 51.1359, 0
PixelHit 1290, 976, 151.206, 0
PixelHit 1291, 972, 72.3603, 0
PixelHit 1291, 973, 196.398, 0
PixelHit 1291, 974, 110.98, 0
PixelHit 1291, 975, 194.976, 0
PixelHit 1292, 973, 274.04, 0
PixelHit 1292, 974, 170.651, 0
PixelHit 1293, 972, 254.181, 0
PixelHit 1294, 973, 61.4408, 0
PixelHit 1295, 973, 92.8756, 0
PixelHit 1296, 971, 211.343, 0
PixelHit 1297, 973, 102.973, 0
PixelHit 1297, 974, 163.926, 0
PixelHit 1298, 973, 93.0516, 0
PixelHit 1299, 971, 147.365, 0
PixelHit 1300, 972, 152.403, 0
PixelHit 1301, 970, 129.603, 0
PixelHit 1301, 971, 59.944, 0
PixelHit 1301, 972, 249.632, 0
PixelHit 1301, 973, 66.7294, 0
PixelHit 1302, 970, 54.1991, 0
PixelHit 1303, 970, 138.498, 0
PixelHit 1303, 971, 79.2515, 0
PixelHit 1303, 973, 75.3439, 0
PixelHit 1304, 970, 390.018, 0
PixelHit 1305, 968, 57.7966, 0
PixelHit 1305, 970, 88.1212, 0
PixelHit 1305, 971, 264.57, 0
PixelHit 1305, 972, 139.76, 0
PixelHit 1305, 975, 98.2123, 0
PixelHit 1306, 970, 99.0439, 0
PixelHit 1306, 971, 245.165, 0
PixelHit 1307, 969, 145.622, 0
PixelHit 1307, 971, 147.417, 0
PixelHit 1308, 967, 79.434, 0
PixelHit 1308, 969, 116.241, 0
PixelHit 1308, 972, 60.8837, 0
PixelHit 1309, 970, 54.4928, 0
PixelHit 1309, 973, 116.214, 0
PixelHit 1310, 968, 91.5551, 0
PixelHit 1310, 969, 151.492, 0
PixelHit 1310, 971, 78.3442, 0
PixelHit 1311, 967, 291.283, 0
PixelHit 1311, 968, 192.517, 0
PixelHit 1312, 968, 70.5478, 0
PixelHit 1312, 969, 52.274, 0
PixelHit 1312, 971, 118.141, 0
PixelHit 1313, 966, 82.5987, 0
PixelHit 1313, 968, 285.144, 0
PixelHit 1313, 972, 78.1662, 0
PixelHit 1314, 965, 55.917, 0
PixelHit 1314, 967, 108.024, 0
PixelHit 1314, 968, 63.0952, 0
PixelHit 1315, 965, 177.097, 0
PixelHit 1315, 967, 185.755, 0
PixelHit 1316, 967, 239.739, 0
PixelHit 1317, 966, 70.7225, 0
PixelHit 1317, 967, 118.323, 0
PixelHit 1317, 968, 55.9158, 0
PixelHit 1318, 964, 86.1473, 0
PixelHit 1318, 965, 69.7855, 0
PixelHit 1322, 963, 253.976, 0
PixelHit 1322, 966, 76.9535, 0
PixelHit 1323, 961, 48.3666, 0
PixelHit 1323, 962, 149.047, 0
PixelHit 1323, 965, 137.341, 0
PixelHit 1324, 962, 516.735, 0
PixelHit 1328, 965, 231.537, 0
=== 23 ===
--- mydetector ---
PixelHit 1221, 981, 168.858, 0
PixelHit 1222, 981, 190.693, 0
PixelHit 1222, 982, 75.7938, 0
PixelHit 1223, 980, 129.66, 0
PixelHit 1226, 980, 104.319, 0
PixelHit 1226, 981, 117.352, 0
PixelHit 1228, 980, 171.826, 0
PixelHit 1229, 979, 98.5258, 0
PixelHit 1230, 979, 153.321, 0
PixelHit 1234, 979, 70.828, 0
PixelHit 1235, 977, 117.372, 0
PixelHit 1238, 975, 174.106, 0
PixelHit 1238, 976, 122.577, 0
PixelHit 1238, 977, 85.6355, 0
PixelHit 1239, 976, 137.91, 0
PixelHit 1239, 977, 149.765, 0
PixelHit 1240, 977, 107, 0
PixelHit 1241, 973, 175.661, 0
PixelHit 1242, 974, 260.319, 0
PixelHit 1242, 975, 190.04, 0
PixelHit 1242, 976, 91.0643, 0
PixelHit 1243, 975, 68.7063, 0
PixelHit 1243, 976, 189.778, 0
PixelHit 1245, 975, 81.1026, 0
PixelHit 1247, 972, 174.778, 0
PixelHit 1248, 973, 123.562, 0
PixelHit 1248, 974, 80.1138, 0
PixelHit 1248, 975, 121.775, 0
PixelHit 1249, 973, 181.811, 0
PixelHit 1251, 972, 79.0698, 0
PixelHit 1251, 985, 179.936, 0
PixelHit 1251, 986, 95.5076, 0
PixelHit 1253, 985, 121.759, 0
PixelHit 1256, 969, 53.6087, 0
PixelHit 1256, 973, 115.789, 0
PixelHit 1256, 983, 86.7887, 0
PixelHit 1257, 969, 77.4813, 0
PixelHit 1257, 971, 73.0895, 0
PixelHit 1257, 984, 144.395, 0
PixelHit 1258, 967, 188.41, 0
PixelHit 1258, 969, 68.1947, 0
PixelHit 1258, 971, 106.233, 0
PixelHit 1258, 982, 160.279, 0
PixelHit 1259, 966, 152.085, 0
PixelHit 1259, 968, 137.05, 0
PixelHit 1259, 969, 111.008, 0
PixelHit 1259, 970, 350.664, 0
PixelHit 1259, 971, 279.06, 0
PixelHit 1259, 972, 293.452, 0
PixelHit 1259, 974, 82.0147, 0
PixelHit 1260, 968, 173.082, 0
PixelHit 1260, 969, 304.773, 0
PixelHit 1260, 970, 154.218, 0
PixelHit 1260, 971, 91.9521, 0
PixelHit 1260, 982, 93.6344, 0
PixelHit 1260, 983, 197.474, 0
PixelHit 1261, 969, 177.631, 0
PixelHit 1261, 970, 326.627, 0
PixelHit 1261, 972, 279.779, 0
PixelHit 1262, 971, 76.3587, 0
PixelHit 1262, 982, 259.415, 0
PixelHit 1263, 968, 74.7934, 0
PixelHit 1263, 981, 279.678, 0
PixelHit 1263, 982, 55.2481, 0
PixelHit 1264, 968, 97.796, 0
PixelHit 1264, 969, 75.0596, 0
PixelHit 1264, 982, 91.0384, 0
PixelHit 1265, 970, 50.6115, 0
PixelHit 1267, 980, 99.8594, 0
PixelHit 1268, 966, 241.592, 0
PixelHit 1268, 968, 98.289, 0
PixelHit 1268, 979, 70.6205, 0
PixelHit 1270, 966, 286.308, 0
PixelHit 1270, 968, 132.165, 0
PixelHit 1270, 969, 69.3923, 0
PixelHit 1270, 979, 124.313, 0
PixelHit 1271, 965, 174.851, 0
PixelHit 1271, 966, 102.415, 0
PixelHit 1271, 968, 47.2531, 0
PixelHit 1271, 969, 241.368, 0
PixelHit 1271, 979, 289.637, 0
PixelHit 1272, 963, 265.463, 0
PixelHit 1272, 964, 212.608, 0
PixelHit 1272, 965, 105.342, 0
PixelHit 1272, 966, 137.847, 0
PixelHit 1272, 967, 169.49, 0
PixelHit 1273, 965, 100.364, 0
PixelHit 1273, 966, 256.786, 0
PixelHit 1273, 967, 158.984, 0
PixelHit 1273, 968, 118.666, 0
PixelHit 1273, 981, 177.558, 0
PixelHit 1274, 966, 90.0371, 0
PixelHit 1274, 967, 66.9883, 0
PixelHit 1275, 970, 129.263, 0
PixelHit 1275, 976, 75.0835, 0
PixelHit 1275, 978, 94.4576, 0
PixelHit 1276, 978, 83.9127, 0
PixelHit 1278, 965, 109.587, 0
PixelHit 1279, 977, 135.231, 0
PixelHit 1279, 978, 87.493, 0
PixelHit 1279, 979, 229.668, 0
PixelHit 1280, 976, 246.305, 0
PixelHit 1280, 977, 131.533, 0
PixelHit 1281, 977, 64.7228, 0
PixelHit 1282, 977, 224.812, 0
PixelHit 1284, 974, 200.803, 0
PixelHit 1286, 972, 92.2216, 0
PixelHit 1287, 974, 105.641, 0
PixelHit 1287, 975, 75.1261, 0
PixelHit 1287, 976, 133.267, 0
PixelHit 1288, 974, 87.9998, 0
PixelHit 1290, 973, 335.352, 0
PixelHit 1291, 973, 150.354, 0
PixelHit 1293, 973, 57.5141, 0
PixelHit 1293, 974, 251.448, 0
PixelHit 1294, 971, 84.0121, 0
PixelHit 1294, 973, 201.682, 0
PixelHit 1295, 973, 58.3868, 0
PixelHit 1295, 974, 130.651, 0
PixelHit 1298, 974, 85.1774, 0
PixelHit 1300, 969, 116.298, 0
PixelHit 1301, 968, 163.242, 0
PixelHit 1301, 969, 65.7445, 0
PixelHit 1302, 970, 268.888, 0
PixelHit 1303, 968, 121.931, 0
PixelHit 1304, 968, 164.493, 0
PixelHit 1305, 969, 172.507, 0
PixelHit 1307, 967, 102.378, 0
PixelHit 1307, 971, 66.8293, 0
PixelHit 1307, 972, 142.81, 0
PixelHit 1308, 966, 98.9006, 0
=== 24 ===
=== 25 ===
=== 26 ===
=== 27 ===
=== 28 ===
=== 29 ===
=== 30 ===
=== 31 ===
=== 32 ===
=== 33 ===
=== 34 ===
=== 35 ===
=== 36 ===
=== 37 ===
=== 38 ===
--- mydetector ---
PixelHit 1185, 1028, 84.1026, 0
PixelHit 1187, 1027, 77.921, 0
PixelHit 1187, 1028, 179.66, 0
PixelHit 1189, 1027, 90.8346, 0
PixelHit 1190, 1026, 183.893, 0
PixelHit 1190, 1027, 102.552, 0
PixelHit 1191, 1026, 106.57, 0
PixelHit 1191, 1027, 59.3979, 0
PixelHit 1193, 1025, 76.658, 0
PixelHit 1193, 1026, 183.25, 0
PixelHit 1194, 1025, 171.214, 0
PixelHit 1198, 1023, 239.002, 0
PixelHit 1199, 1025, 53.7888, 0
PixelHit 1200, 1025, 141.467, 0
PixelHit 1201, 1023, 109.511, 0
PixelHit 1201, 1024, 105.093, 0
PixelHit 1203, 1022, 51.6631, 0
PixelHit 1203, 1023, 173.159, 0
PixelHit 1204, 1022, 170.008, 0
PixelHit 1204, 1024, 146.368, 0
PixelHit 1205, 1021, 60.1471, 0
PixelHit 1205, 1022, 85.6751, 0
PixelHit 1207, 1021, 191.299, 0
PixelHit 1207, 1024, 65.1558, 0
PixelHit 1208, 1019, 203.324, 0
PixelHit 1208, 1021, 72.3397, 0
PixelHit 1211, 1019, 93.5303, 0
PixelHit 1211, 1020, 133.715, 0
PixelHit 1211, 1022, 102.342, 0
PixelHit 1212, 1021, 133.756, 0
PixelHit 1214, 1018, 66.1372, 0
PixelHit 1214, 1021, 50.5038, 0
PixelHit 1215, 1018, 72.0985, 0
PixelHit 1216, 1018, 116.9, 0
PixelHit 1216, 1019, 97.7835, 0
PixelHit 1217, 1020, 145.883, 0
PixelHit 1221, 1018, 156.884, 0
PixelHit 1222, 1017, 237.913, 0
PixelHit 1222, 1019, 113.3, 0
PixelHit 1223, 1014, 73.1594, 0
PixelHit 1223, 1016, 59.2026, 0
PixelHit 1224, 1015, 236.107, 0
PixelHit 1224, 1016, 125.224, 0
PixelHit 1225, 1017, 207.223, 0
PixelHit 1228, 1013, 43.437, 0
PixelHit 1228, 1015, 248.777, 0
PixelHit 1229, 1015, 225.738, 0
PixelHit 1230, 1017, 104.609, 0
PixelHit 1230, 1018, 157.043, 0
PixelHit 1232, 1013, 88.7637, 0
PixelHit 1232, 1015, 95.3371, 0
PixelHit 1232, 1016, 158.877, 0
PixelHit 1235, 1013, 83.9121, 0
PixelHit 1235, 1014, 116.076, 0
PixelHit 1238, 1009, 322.134, 0
PixelHit 1238, 1012, 222.129, 0
PixelHit 1238, 1013, 54.0394, 0
PixelHit 1239, 1012, 287.878, 0
PixelHit 1239, 1014, 67.8917, 0
PixelHit 1239, 1015, 168.688, 0
PixelHit 1240, 1010, 125.786, 0
PixelHit 1240, 1011, 126.289, 0
PixelHit 1240, 1014, 123.217, 0
PixelHit 1241, 1007, 57.799, 0
PixelHit 1241, 1012, 107.121, 0
PixelHit 1242, 1011, 109.222, 0
PixelHit 1242, 1013, 180.078, 0
PixelHit 1242, 1015, 131.278, 0
PixelHit 1263, 978, 118.77, 0
PixelHit 1265, 978, 78.7811, 0
PixelHit 1266, 977, 294.243, 0
PixelHit 1267, 977, 158.402, 0
PixelHit 1268, 976, 154.383, 0
PixelHit 1269, 976, 128.938, 0
PixelHit 1269, 977, 145.699, 0
PixelHit 1270, 977, 206.725, 0
PixelHit 1274, 975, 99.1773, 0
PixelHit 1275, 974, 101.307, 0
PixelHit 1275, 975, 89.0025, 0
PixelHit 1277, 974, 54.4454, 0
PixelHit 1278, 974, 88.9824, 0
PixelHit 1280, 974, 305.832, 0
PixelHit 1280, 975, 180.361, 0
PixelHit 1281, 973, 325.749, 0
PixelHit 1282, 972, 144.004, 0
PixelHit 1282, 973, 146.645, 0
PixelHit 1285, 971, 208.647, 0
PixelHit 1285, 972, 82.2193, 0
PixelHit 1285, 973, 145.449, 0
PixelHit 1286, 971, 160.93, 0
PixelHit 1287, 971, 299.881, 0
PixelHit 1289, 971, 159.325, 0
PixelHit 1292, 969, 128.498, 0
PixelHit 1294, 968, 86.0138, 0
PixelHit 1294, 970, 109.242, 0
PixelHit 1294, 971, 100.418, 0
PixelHit 1295, 969, 101.756, 0
PixelHit 1296, 968, 164.072, 0
PixelHit 1297, 968, 73.8825, 0
PixelHit 1298, 968, 186.152, 0
PixelHit 1300, 966, 172.897, 0
PixelHit 1301, 966, 190.392, 0
PixelHit 1302, 967, 278.311, 0
PixelHit 1303, 968, 75.5199, 0
PixelHit 1306, 965, 76.655, 0
PixelHit 1308, 969, 66.9416, 0
PixelHit 1309, 963, 54.1606, 0
PixelHit 1309, 965, 77.3737, 0
PixelHit 1310, 965, 140.14, 0
PixelHit 1312, 962, 222.828, 0
PixelHit 1313, 965, 270.614, 0
PixelHit 1314, 963, 90.9011, 0
PixelHit 1314, 966, 181.941, 0
PixelHit 1315, 962, 148.096, 0
PixelHit 1316, 963, 83.0432, 0
PixelHit 1316, 964, 155.623, 0
PixelHit 1316, 965, 209.769, 0
PixelHit 1316, 966, 56.5939, 0
PixelHit 1318, 959, 46.7298, 0
PixelHit 1318, 963, 185.183, 0
PixelHit 1318, 964, 106.064, 0
PixelHit 1319, 961, 203.531, 0
PixelHit 1319, 962, 128.149, 0
PixelHit 1319, 963, 73.2127, 0
PixelHit 1320, 958, 139.68, 0
PixelHit 1320, 962, 48.227, 0
PixelHit 1321, 960, 284.314, 0
PixelHit 1321, 962, 178.483, 0
PixelHit 1322, 962, 55.1142, 0
PixelHit 1322, 964, 112.556, 0
PixelHit 1323, 963, 183.92, 0
=== 39 ===
=== 40 ===
=== 41 ===
=== 42 ===
=== 43 ===
=== 44 ===
=== 45 ===
=== 46 ===
=== 47 ===
=== 48 ===
=== 49 ===
=== 50 ===
=== 51 ===
=== 52 ===
=== 53 ===
=== 54 ===
=== 55 ===
=== 56 ===
=== 57 ===
=== 58 ===
=== 59 ===
=== 60 ===
=== 61 ===
=== 62 ===
=== 63 ===
=== 64 ===
=== 65 ===
--- mydetector ---
PixelHit 1266, 986, 240.852, 0
PixelHit 1268, 985, 146.274, 0
PixelHit 1269, 985, 90.96, 0
PixelHit 1269, 989, 340.378, 0
PixelHit 1270, 990, 58.1603, 0
PixelHit 1270, 993, 80.264, 0
PixelHit 1270, 996, 96.017, 0
PixelHit 1271, 988, 87.6741, 0
PixelHit 1271, 989, 874.244, 0
PixelHit 1271, 990, 660.503, 0
PixelHit 1271, 991, 304.752, 0
PixelHit 1271, 993, 170.87, 0
PixelHit 1271, 994, 519.677, 0
PixelHit 1271, 995, 313.858, 0
PixelHit 1272, 984, 140.702, 0
PixelHit 1272, 988, 826.761, 0
PixelHit 1272, 989, 1714.6, 0
PixelHit 1272, 990, 1702.42, 0
PixelHit 1272, 991, 218.664, 0
PixelHit 1272, 992, 158.993, 0
PixelHit 1272, 993, 765.208, 0
PixelHit 1272, 994, 895.015, 0
PixelHit 1272, 995, 464.391, 0
PixelHit 1272, 996, 216.887, 0
PixelHit 1272, 997, 315.922, 0
PixelHit 1272, 998, 139.996, 0
PixelHit 1273, 988, 463.725, 0
PixelHit 1273, 989, 65.3475, 0
PixelHit 1273, 990, 738.186, 0
PixelHit 1273, 991, 304.348, 0
PixelHit 1273, 992, 215.348, 0
PixelHit 1273, 993, 598.126, 0
PixelHit 1273, 994, 492.762, 0
PixelHit 1273, 995, 321.648, 0
PixelHit 1273, 996, 502.339, 0
PixelHit 1273, 997, 383.724, 0
PixelHit 1274, 988, 99.9473, 0
PixelHit 1274, 991, 153.712, 0
PixelHit 1274, 992, 351.555, 0
PixelHit 1274, 993, 84.5326, 0
PixelHit 1274, 994, 281.871, 0
PixelHit 1274, 995, 417.932, 0
PixelHit 1274, 996, 299.889, 0
PixelHit 1274, 997, 105.357, 0
PixelHit 1274, 998, 97.0029, 0
PixelHit 1275, 983, 61.2589, 0
PixelHit 1275, 992, 96.1572, 0
PixelHit 1275, 994, 127.522, 0
PixelHit 1275, 996, 193.514, 0
PixelHit 1276, 988, 151.939, 0
PixelHit 1277, 987, 133.096, 0
PixelHit 1278, 982, 123.794, 0
PixelHit 1279, 982, 123.579, 0
PixelHit 1279, 987, 136.39, 0
PixelHit 1280, 982, 106.602, 0
PixelHit 1280, 983, 121.024, 0
PixelHit 1281, 985, 60.3155, 0
PixelHit 1282, 981, 87.5586, 0
PixelHit 1283, 979, 204.394, 0
PixelHit 1284, 982, 152.119, 0
PixelHit 1285, 981, 107.97, 0
PixelHit 1285, 984, 80.552, 0
PixelHit 1286, 980, 88.792, 0
PixelHit 1286, 983, 204.613, 0
PixelHit 1287, 979, 69.6619, 0
PixelHit 1287, 981, 112.015, 0
PixelHit 1288, 978, 59.8905, 0
PixelHit 1288, 981, 144.442, 0
PixelHit 1289, 980, 247.436, 0
PixelHit 1289, 981, 213.394, 0
PixelHit 1290, 978, 81.4339, 0
PixelHit 1290, 985, 137.55, 0
PixelHit 1291, 979, 163.97, 0
PixelHit 1291, 982, 331.507, 0
PixelHit 1292, 976, 154.85, 0
PixelHit 1292, 982, 138.522, 0
PixelHit 1293, 977, 163.608, 0
PixelHit 1293, 983, 79.2392, 0
PixelHit 1294, 982, 165.68, 0
PixelHit 1295, 976, 116, 0
PixelHit 1295, 980, 56.9346, 0
PixelHit 1295, 982, 191.875, 0
PixelHit 1298, 974, 67.4885, 0
PixelHit 1298, 976, 153.408, 0
PixelHit 1298, 979, 69.329, 0
PixelHit 1298, 980, 232.608, 0
PixelHit 1299, 975, 160.913, 0
PixelHit 1300, 979, 106.353, 0
PixelHit 1301, 975, 85.1429, 0
PixelHit 1301, 980, 105.194, 0
PixelHit 1302, 981, 180.969, 0
PixelHit 1303, 974, 244.944, 0
PixelHit 1303, 977, 169.711, 0
PixelHit 1303, 978, 167.983, 0
PixelHit 1303, 979, 313.227, 0
PixelHit 1304, 978, 186.239, 0
PixelHit 1306, 977, 216.912, 0
PixelHit 1306, 981, 140.375, 0
PixelHit 1307, 974, 148.821, 0
PixelHit 1307, 979, 251.098, 0
PixelHit 1308, 976, 43.6567, 0
PixelHit 1310, 973, 66.5012, 0
PixelHit 1310, 977, 100.478, 0
PixelHit 1311, 969, 180.233, 0
PixelHit 1311, 971, 90.63, 0
PixelHit 1311, 974, 75.4094, 0
PixelHit 1311, 976, 316.323, 0
PixelHit 1312, 971, 71.1604, 0
PixelHit 1312, 972, 315.543, 0
PixelHit 1312, 977, 68.216, 0
PixelHit 1313, 969, 152.269, 0
PixelHit 1313, 970, 242.597, 0
PixelHit 1313, 971, 349.784, 0
PixelHit 1313, 972, 87.3591, 0
PixelHit 1313, 973, 126.701, 0
PixelHit 1313, 974, 261.483, 0
PixelHit 1313, 975, 50.6174, 0
PixelHit 1314, 970, 158.182, 0
PixelHit 1314, 972, 204.91, 0
PixelHit 1314, 973, 63.7889, 0
PixelHit 1314, 974, 322.402, 0
PixelHit 1314, 975, 62.3416, 0
PixelHit 1314, 977, 166.182, 0
PixelHit 1315, 971, 62.9583, 0
PixelHit 1315, 973, 173.17, 0
PixelHit 1315, 974, 127.507, 0
PixelHit 1315, 975, 92.4139, 0
PixelHit 1316, 971, 82.0574, 0
PixelHit 1316, 972, 275.734, 0
PixelHit 1316, 973, 378.781, 0
PixelHit 1316, 974, 148.624, 0
PixelHit 1317, 969, 231.506, 0
PixelHit 1317, 970, 148.683, 0
PixelHit 1317, 971, 210.639, 0
PixelHit 1317, 972, 62.7325, 0
PixelHit 1317, 973, 61.2907, 0
PixelHit 1318, 974, 113.122, 0
PixelHit 1319, 975, 182.412, 0
PixelHit 1321, 968, 113.695, 0
PixelHit 1321, 969, 105.314, 0
PixelHit 1321, 971, 146.766, 0
PixelHit 1321, 975, 60.3763, 0
PixelHit 1323, 974, 134.879, 0
PixelHit 1324, 977, 131.393, 0
PixelHit 1327, 972, 67.8778, 0
PixelHit 1328, 973, 119.213, 0
=== 66 ===
=== 67 ===
=== 68 ===
=== 69 ===
=== 70 ===
=== 71 ===
=== 72 ===
=== 73 ===
=== 74 ===
=== 75 ===
=== 76 ===
=== 77 ===
=== 78 ===
=== 79 ===
=== 80 ===
=== 81 ===
=== 82 ===
=== 83 ===
=== 84 ===
=== 85 ===
=== 86 ===
=== 87 ===
=== 88 ===
=== 89 ===
=== 90 ===
=== 91 ===
=== 92 ===
=== 93 ===
=== 94 ===
=== 95 ===
=== 96 ===
=== 97 ===
=== 98 ===
=== 99 ===
=== 100 ===
# 561 objects from 4 messages
