# Allpix Squared ASCII data - https://cern.ch/allpix-squared

=== 1 ===
=== 2 ===
=== 3 ===
=== 4 ===
=== 5 ===
=== 6 ===
=== 7 ===
--- mydetector ---
PixelHit 1232, 991, 88.3425, 0
PixelHit 1233, 990, 179.273, 0
PixelHit 1233, 991, 73.4371, 0
PixelHit 1235, 990, 150.571, 0
PixelHit 1237, 988, 173.434, 0
PixelHit 1239, 988, 81.1027, 0
PixelHit 1240, 987, 214.084, 0
PixelHit 1241, 989, 78.9392, 0
PixelHit 1243, 988, 119.843, 0
PixelHit 1244, 987, 67.5281, 0
PixelHit 1246, 988, 165.541, 0
PixelHit 1247, 986, 142.481, 0
PixelHit 1247, 987, 93.9644, 0
PixelHit 1248, 986, 57.9746, 0
PixelHit 1248, 987, 96.129, 0
PixelHit 1249, 984, 135.914, 0
PixelHit 1249, 985, 144.753, 0
PixelHit 1249, 986, 88.4552, 0
PixelHit 1250, 984, 115.2, 0
PixelHit 1250, 985, 340.19, 0
PixelHit 1250, 986, 205.454, 0
PixelHit 1250, 987, 69.7026, 0
PixelHit 1251, 982, 67.9969, 0
PixelHit 1251, 985, 269.285, 0
PixelHit 1252, 984, 115.984, 0
PixelHit 1253, 983, 81.1313, 0
PixelHit 1253, 984, 161.523, 0
PixelHit 1253, 985, 135.808, 0
PixelHit 1254, 983, 58.9528, 0
PixelHit 1254, 984, 54.6544, 0
PixelHit 1255, 984, 81.9075, 0
PixelHit 1256, 984, 143.231, 0
PixelHit 1257, 982, 259.35, 0
PixelHit 1258, 983, 112.631, 0
PixelHit 1260, 983, 241.045, 0
PixelHit 1260, 984, 227.994, 0
PixelHit 1261, 980, 82.581, 0
PixelHit 1261, 981, 267.378, 0
PixelHit 1261, 983, 146.197, 0
PixelHit 1262, 981, 188.813, 0
PixelHit 1262, 983, 145.709, 0
PixelHit 1263, 981, 178.81, 0
PixelHit 1263, 983, 176.77, 0
PixelHit 1263, 985, 57.4356, 0
PixelHit 1264, 979, 176.668, 0
PixelHit 1264, 981, 75.6643, 0
PixelHit 1264, 983, 75.2411, 0
PixelHit 1265, 980, 203.836, 0
PixelHit 1266, 980, 116.179, 0
PixelHit 1266, 981, 100.678, 0
PixelHit 1267, 979, 173.44, 0
PixelHit 1267, 982, 91.5509, 0
PixelHit 1268, 978, 79.4628, 0
PixelHit 1268, 980, 99.4328, 0
PixelHit 1268, 982, 127.57, 0
PixelHit 1269, 979, 78.8287, 0
PixelHit 1269, 980, 117.11, 0
PixelHit 1270, 977, 82.2504, 0
PixelHit 1270, 979, 138.456, 0
PixelHit 1270, 981, 196.075, 0
PixelHit 1271, 975, 118.381, 0
PixelHit 1271, 976, 108.746, 0
PixelHit 1271, 981, 161.159, 0
PixelHit 1272, 980, 99.0407, 0
PixelHit 1274, 978, 96.2794, 0
PixelHit 1276, 978, 52.0915, 0
PixelHit 1277, 979, 166.882, 0
PixelHit 1278, 976, 76.7149, 0
PixelHit 1280, 974, 145.152, 0
PixelHit 1280, 975, 55.417, 0
PixelHit 1281, 975, 118.298, 0
PixelHit 1282, 978, 89.3441, 0
PixelHit 1283, 976, 71.8833, 0
PixelHit 1283, 978, 234.514, 0
PixelHit 1284, 974, 168.082, 0
PixelHit 1284, 975, 96.8744, 0
PixelHit 1284, 977, 215.459, 0
PixelHit 1284, 978, 123.168, 0
PixelHit 1285, 973, 181.878, 0
PixelHit 1286, 973, 136.233, 0
PixelHit 1286, 974, 184.735, 0
PixelHit 1286, 975, 155.765, 0
PixelHit 1291, 977, 241.921, 0
PixelHit 1295, 976, 109.243, 0
PixelHit 1296, 975, 194.3, 0
PixelHit 1297, 976, 125.371, 0
PixelHit 1298, 975, 136.739, 0
PixelHit 1298, 976, 127.086, 0
PixelHit 1299, 974, 161.281, 0
PixelHit 1299, 975, 107.519, 0
PixelHit 1300, 975, 112.339, 0
PixelHit 1301, 974, 86.6924, 0
PixelHit 1301, 975, 53.2382, 0
PixelHit 1302, 974, 75.162, 0
PixelHit 1302, 975, 107.286, 0
PixelHit 1303, 972, 108.352, 0
PixelHit 1303, 974, 71.93, 0
PixelHit 1305, 973, 115.476, 0
PixelHit 1307, 972, 77.5993, 0
PixelHit 1309, 971, 63.6637, 0
PixelHit 1310, 972, 88.1381, 0
PixelHit 1311, 969, 83.9124, 0
PixelHit 1313, 971, 62.7859, 0
PixelHit 1314, 969, 98.7111, 0
PixelHit 1314, 970, 56.01, 0
PixelHit 1314, 971, 115.04, 0
PixelHit 1314, 972, 83.6519, 0
PixelHit 1316, 971, 227.002, 0
PixelHit 1317, 969, 282.709, 0
PixelHit 1317, 971, 114.768, 0
PixelHit 1318, 968, 66.3262, 0
PixelHit 1318, 969, 332.408, 0
PixelHit 1318, 970, 427.598, 0
PixelHit 1318, 971, 92.8806, 0
PixelHit 1318, 973, 86.4374, 0
PixelHit 1319, 967, 157.627, 0
PixelHit 1319, 968, 155.188, 0
PixelHit 1319, 969, 434.253, 0
PixelHit 1319, 970, 416.617, 0
PixelHit 1319, 971, 160.171, 0
PixelHit 1320, 968, 252.58, 0
PixelHit 1320, 969, 346.321, 0
PixelHit 1320, 970, 239.084, 0
PixelHit 1320, 971, 54.4028, 0
PixelHit 1321, 966, 127.359, 0
PixelHit 1321, 969, 193.998, 0
PixelHit 1321, 970, 123.553, 0
PixelHit 1321, 971, 145.759, 0
PixelHit 1322, 968, 83.1239, 0
PixelHit 1322, 970, 95.4913, 0
PixelHit 1323, 967, 114.316, 0
PixelHit 1323, 968, 69.5658, 0
PixelHit 1325, 968, 100.638, 0
PixelHit 1325, 969, 93.746, 0
PixelHit 1325, 970, 59.3314, 0
PixelHit 1326, 967, 113.119, 0
PixelHit 1327, 968, 141.632, 0
PixelHit 1328, 963, 102.015, 0
PixelHit 1328, 964, 291.291, 0
PixelHit 1329, 968, 175.823, 0
PixelHit 1330, 967, 88.5014, 0
PixelHit 1331, 967, 116.646, 0
PixelHit 1331, 968, 54.2861, 0
PixelHit 1332, 964, 73.9965, 0
PixelHit 1332, 967, 177.837, 0
PixelHit 1334, 962, 59.7188, 0
PixelHit 1338, 962, 143.329, 0
PixelHit 1338, 963, 191.281, 0
PixelHit 1338, 965, 89.9528, 0
PixelHit 1339, 961, 148.63, 0
PixelHit 1339, 962, 305.159, 0
PixelHit 1341, 962, 140.949, 0
PixelHit 1342, 959, 131.083, 0
PixelHit 1342, 963, 60.8796, 0
PixelHit 1346, 961, 205.868, 0
=== 8 ===
=== 9 ===
--- mydetector ---
PixelHit 1216, 978, 178.054, 0
PixelHit 1217, 978, 136.212, 0
PixelHit 1218, 977, 62.2429, 0
PixelHit 1219, 977, 67.6671, 0
PixelHit 1220, 977, 101.322, 0
PixelHit 1222, 977, 54.2814, 0
PixelHit 1223, 977, 54.9345, 0
PixelHit 1225, 976, 124.937, 0
PixelHit 1228, 976, 144.431, 0
PixelHit 1230, 974, 283.193, 0
PixelHit 1231, 973, 77.0178, 0
PixelHit 1231, 974, 226.914, 0
PixelHit 1233, 974, 83.8308, 0
PixelHit 1234, 974, 56.0031, 0
PixelHit 1235, 974, 113.605, 0
PixelHit 1236, 972, 153.452, 0
PixelHit 1236, 973, 226.185, 0
PixelHit 1236, 974, 98.0571, 0
PixelHit 1238, 972, 250.551, 0
PixelHit 1241, 972, 191.681, 0
PixelHit 1242, 970, 158.37, 0
PixelHit 1244, 969, 153.732, 0
PixelHit 1244, 970, 174.021, 0
PixelHit 1247, 972, 200.294, 0
PixelHit 1248, 968, 209.954, 0
PixelHit 1249, 969, 56.2758, 0
PixelHit 1251, 968, 54.8712, 0
PixelHit 1253, 965, 76.9943, 0
PixelHit 1253, 967, 104.271, 0
PixelHit 1253, 971, 136.507, 0
PixelHit 1254, 966, 79.1542, 0
PixelHit 1254, 967, 99.6824, 0
PixelHit 1254, 969, 55.48, 0
PixelHit 1255, 965, 307.31, 0
PixelHit 1255, 966, 75.5702, 0
PixelHit 1255, 967, 247.308, 0
PixelHit 1256, 965, 83.598, 0
PixelHit 1256, 967, 56.4492, 0
PixelHit 1257, 965, 180.775, 0
PixelHit 1257, 966, 81.6663, 0
PixelHit 1257, 968, 77.408, 0
PixelHit 1258, 965, 235.024, 0
PixelHit 1258, 968, 113.88, 0
PixelHit 1259, 964, 134.329, 0
PixelHit 1259, 966, 72.1648, 0
PixelHit 1260, 962, 163.79, 0
PixelHit 1260, 964, 218.641, 0
PixelHit 1261, 965, 232.062, 0
PixelHit 1261, 966, 106.359, 0
PixelHit 1262, 963, 101.941, 0
PixelHit 1262, 965, 140.779, 0
PixelHit 1263, 964, 175.936, 0
PixelHit 1264, 966, 128.719, 0
PixelHit 1264, 981, 285.379, 0
PixelHit 1265, 962, 238.356, 0
PixelHit 1265, 963, 397.813, 0
PixelHit 1265, 964, 65.3101, 0
PixelHit 1265, 966, 144.978, 0
PixelHit 1265, 981, 116.416, 0
PixelHit 1266, 961, 148.421, 0
PixelHit 1266, 962, 145.158, 0
PixelHit 1266, 964, 124.239, 0
PixelHit 1266, 965, 57.6434, 0
PixelHit 1266, 980, 62.166, 0
PixelHit 1267, 960, 82.8699, 0
PixelHit 1267, 961, 262.65, 0
PixelHit 1267, 962, 362.401, 0
PixelHit 1267, 963, 132.312, 0
PixelHit 1267, 980, 141.266, 0
PixelHit 1268, 961, 379.63, 0
PixelHit 1268, 962, 351.989, 0
PixelHit 1268, 963, 634.82, 0
PixelHit 1268, 964, 177.813, 0
PixelHit 1268, 965, 61.3157, 0
PixelHit 1268, 967, 49.3058, 0
PixelHit 1268, 979, 94.2958, 0
PixelHit 1269, 958, 61.493, 0
PixelHit 1269, 960, 270.816, 0
PixelHit 1269, 962, 218.148, 0
PixelHit 1269, 963, 548.825, 0
PixelHit 1269, 964, 557.442, 0
PixelHit 1269, 965, 86.2566, 0
PixelHit 1269, 966, 113.508, 0
PixelHit 1269, 979, 82.1374, 0
PixelHit 1269, 980, 156.26, 0
PixelHit 1270, 959, 102.128, 0
PixelHit 1270, 961, 236.437, 0
PixelHit 1270, 962, 194.053, 0
PixelHit 1270, 963, 165.804, 0
PixelHit 1270, 964, 54.1762, 0
PixelHit 1270, 979, 53.2575, 0
PixelHit 1271, 960, 305.29, 0
PixelHit 1271, 962, 234.634, 0
PixelHit 1271, 979, 249.803, 0
PixelHit 1272, 959, 80.763, 0
PixelHit 1272, 961, 103.368, 0
PixelHit 1272, 978, 89.5265, 0
PixelHit 1273, 962, 129.745, 0
PixelHit 1273, 964, 145.66, 0
PixelHit 1273, 977, 126.2, 0
PixelHit 1273, 978, 124.586, 0
PixelHit 1274, 964, 103.729, 0
PixelHit 1274, 978, 72.8644, 0
PixelHit 1275, 979, 258.054, 0
PixelHit 1277, 978, 107.934, 0
PixelHit 1279, 977, 136.681, 0
PixelHit 1280, 977, 150.767, 0
PixelHit 1281, 975, 211.305, 0
PixelHit 1281, 976, 78.1935, 0
PixelHit 1282, 976, 353.676, 0
PixelHit 1283, 974, 152.718, 0
PixelHit 1284, 976, 150.979, 0
PixelHit 1285, 974, 341.11, 0
PixelHit 1285, 975, 181.989, 0
PixelHit 1286, 975, 112.454, 0
PixelHit 1287, 974, 70.7234, 0
PixelHit 1287, 975, 81.8848, 0
PixelHit 1291, 973, 153.6, 0
PixelHit 1291, 975, 67.9383, 0
PixelHit 1292, 972, 308.764, 0
PixelHit 1294, 973, 151.932, 0
PixelHit 1295, 972, 125.707, 0
PixelHit 1297, 971, 69.0257, 0
PixelHit 1298, 973, 139.599, 0
PixelHit 1300, 971, 175.523, 0
PixelHit 1301, 969, 111.539, 0
PixelHit 1301, 971, 159.87, 0
PixelHit 1303, 967, 59.7409, 0
PixelHit 1304, 969, 290.849, 0
PixelHit 1305, 972, 116.042, 0
PixelHit 1306, 966, 124.326, 0
PixelHit 1307, 968, 148.544, 0
PixelHit 1308, 967, 76.0928, 0
PixelHit 1309, 969, 67.2006, 0
PixelHit 1310, 965, 128.368, 0
PixelHit 1310, 969, 158.898, 0
PixelHit 1313, 966, 135.862, 0
PixelHit 1316, 964, 85.6981, 0
PixelHit 1316, 967, 56.13, 0
PixelHit 1318, 967, 170.883, 0
PixelHit 1319, 966, 67.0976, 0
PixelHit 1321, 964, 186.834, 0
=== 10 ===
=== 11 ===
=== 12 ===
=== 13 ===
=== 14 ===
=== 15 ===
=== 16 ===
=== 17 ===
=== 18 ===
=== 19 ===
=== 20 ===
=== 21 ===
=== 22 ===
=== 23 ===
--- mydetector ---
PixelHit 1114, 939, 94.0785, 0
PixelHit 1118, 937, 133.975, 0
PixelHit 1119, 937, 87.4952, 0
PixelHit 1122, 937, 82.2538, 0
PixelHit 1123, 937, 190.792, 0
PixelHit 1124, 936, 145.586, 0
PixelHit 1125, 935, 101.535, 0
PixelHit 1125, 936, 75.0607, 0
PixelHit 1126, 937, 69.5293, 0
PixelHit 1127, 935, 122.336, 0
PixelHit 1130, 934, 127.719, 0
PixelHit 1131, 935, 123.537, 0
PixelHit 1132, 934, 83.2278, 0
PixelHit 1133, 935, 126.273, 0
PixelHit 1134, 934, 166.31, 0
PixelHit 1134, 935, 137.454, 0
PixelHit 1135, 932, 113.643, 0
PixelHit 1135, 933, 208.43, 0
PixelHit 1136, 932, 208.638, 0
PixelHit 1136, 933, 107.174, 0
PixelHit 1136, 935, 97.7086, 0
PixelHit 1137, 932, 83.784, 0
PixelHit 1137, 933, 158.299, 0
PixelHit 1139, 930, 147.892, 0
PixelHit 1139, 931, 158.049, 0
PixelHit 1139, 933, 109.318, 0
PixelHit 1141, 933, 209.499, 0
PixelHit 1142, 930, 76.9776, 0
PixelHit 1142, 932, 177.492, 0
PixelHit 1144, 931, 59.3751, 0
PixelHit 1145, 930, 56.137, 0
PixelHit 1146, 929, 71.8699, 0
PixelHit 1146, 930, 165.898, 0
PixelHit 1146, 934, 77.363, 0
PixelHit 1147, 929, 143.026, 0
PixelHit 1148, 928, 129.516, 0
PixelHit 1148, 929, 135.91, 0
PixelHit 1149, 929, 129, 0
PixelHit 1150, 930, 114.456, 0
PixelHit 1151, 929, 62.7856, 0
PixelHit 1155, 929, 257.953, 0
PixelHit 1156, 927, 58.1131, 0
PixelHit 1158, 928, 209.877, 0
PixelHit 1160, 929, 72.7559, 0
PixelHit 1161, 927, 119.493, 0
PixelHit 1163, 924, 120.288, 0
PixelHit 1163, 926, 165.611, 0
PixelHit 1164, 925, 146.297, 0
PixelHit 1164, 926, 160.558, 0
PixelHit 1165, 926, 151.458, 0
PixelHit 1166, 923, 199.636, 0
PixelHit 1167, 923, 69.7347, 0
PixelHit 1168, 922, 98.0317, 0
PixelHit 1169, 923, 220.676, 0
PixelHit 1169, 925, 116.821, 0
PixelHit 1170, 923, 104.576, 0
PixelHit 1170, 926, 73.2392, 0
PixelHit 1170, 927, 74.9153, 0
PixelHit 1171, 920, 76.893, 0
PixelHit 1171, 922, 261.042, 0
PixelHit 1171, 923, 151.36, 0
PixelHit 1171, 925, 161.555, 0
PixelHit 1172, 923, 101.438, 0
PixelHit 1172, 925, 182.303, 0
PixelHit 1173, 922, 74.2031, 0
=== 24 ===
=== 25 ===
=== 26 ===
=== 27 ===
=== 28 ===
=== 29 ===
=== 30 ===
=== 31 ===
=== 32 ===
=== 33 ===
=== 34 ===
=== 35 ===
=== 36 ===
=== 37 ===
=== 38 ===
=== 39 ===
=== 40 ===
=== 41 ===
=== 42 ===
=== 43 ===
=== 44 ===
=== 45 ===
=== 46 ===
=== 47 ===
=== 48 ===
=== 49 ===
=== 50 ===
=== 51 ===
=== 52 ===
=== 53 ===
=== 54 ===
=== 55 ===
=== 56 ===
=== 57 ===
=== 58 ===
=== 59 ===
=== 60 ===
=== 61 ===
=== 62 ===
=== 63 ===
=== 64 ===
--- mydetector ---
PixelHit 1180, 1128, 260.019, 0
PixelHit 1181, 1127, 112.331, 0
PixelHit 1182, 1127, 94.9015, 0
PixelHit 1183, 1127, 212.133, 0
PixelHit 1184, 1126, 236.201, 0
PixelHit 1184, 1127, 83.2849, 0
PixelHit 1185, 1127, 159.214, 0
PixelHit 1186, 1125, 235.068, 0
PixelHit 1186, 1126, 162.499, 0
PixelHit 1188, 1123, 59.4266, 0
PixelHit 1188, 1125, 366.847, 0
PixelHit 1188, 1126, 107.505, 0
PixelHit 1189, 1123, 174.944, 0
PixelHit 1189, 1124, 214.292, 0
PixelHit 1189, 1125, 370.638, 0
PixelHit 1189, 1126, 72.7813, 0
PixelHit 1190, 1125, 447.697, 0
PixelHit 1190, 1126, 211.069, 0
PixelHit 1191, 1126, 63.5693, 0
PixelHit 1192, 1124, 82.7998, 0
PixelHit 1193, 1123, 186.7, 0
PixelHit 1193, 1124, 169.021, 0
PixelHit 1193, 1125, 86.6584, 0
PixelHit 1195, 1123, 153.892, 0
PixelHit 1195, 1124, 244.5, 0
PixelHit 1195, 1125, 260.861, 0
PixelHit 1196, 1123, 257.399, 0
PixelHit 1197, 1122, 215.806, 0
PixelHit 1198, 1122, 146.099, 0
PixelHit 1199, 1124, 111.828, 0
PixelHit 1200, 1121, 67.6944, 0
PixelHit 1201, 1120, 55.6933, 0
PixelHit 1201, 1121, 135.495, 0
PixelHit 1201, 1122, 70.9165, 0
PixelHit 1201, 1123, 80.0076, 0
PixelHit 1202, 1120, 130.548, 0
PixelHit 1203, 1121, 63.0856, 0
PixelHit 1204, 1119, 70.3975, 0
PixelHit 1206, 1120, 97.2287, 0
PixelHit 1207, 1123, 125.524, 0
PixelHit 1208, 1121, 94.0251, 0
PixelHit 1210, 1119, 86.2169, 0
PixelHit 1210, 1121, 163.222, 0
PixelHit 1212, 1118, 280.87, 0
PixelHit 1212, 1119, 83.1904, 0
PixelHit 1213, 1120, 100.816, 0
PixelHit 1214, 1117, 131.719, 0
PixelHit 1215, 1115, 73.9789, 0
PixelHit 1215, 1116, 222.41, 0
PixelHit 1217, 1117, 157.043, 0
PixelHit 1217, 1118, 75.6295, 0
PixelHit 1219, 1116, 269.004, 0
PixelHit 1220, 1115, 64.4493, 0
PixelHit 1222, 1114, 118.83, 0
PixelHit 1222, 1115, 55.6107, 0
PixelHit 1225, 1115, 140.206, 0
PixelHit 1225, 1117, 125.014, 0
PixelHit 1226, 1110, 107.374, 0
PixelHit 1226, 1116, 44.0655, 0
PixelHit 1227, 1113, 127.374, 0
PixelHit 1227, 1114, 77.8345, 0
PixelHit 1232, 1111, 77.7848, 0
PixelHit 1235, 1110, 71.1934, 0
PixelHit 1235, 1112, 74.1744, 0
PixelHit 1236, 1106, 272.737, 0
PixelHit 1236, 1110, 67.2642, 0
PixelHit 1236, 1111, 42.0202, 0
PixelHit 1506, 914, 248.5, 0
PixelHit 1508, 913, 210.054, 0
PixelHit 1509, 913, 55.3666, 0
PixelHit 1511, 913, 164.431, 0
PixelHit 1514, 910, 96.5006, 0
PixelHit 1516, 911, 61.1162, 0
PixelHit 1517, 910, 98.5473, 0
PixelHit 1519, 910, 359.097, 0
PixelHit 1520, 911, 296.623, 0
PixelHit 1521, 907, 122.244, 0
PixelHit 1522, 908, 184.074, 0
PixelHit 1522, 910, 240.556, 0
PixelHit 1523, 910, 131.933, 0
PixelHit 1525, 909, 146.632, 0
PixelHit 1526, 907, 170.97, 0
PixelHit 1526, 909, 56.0175, 0
PixelHit 1527, 906, 53.6945, 0
PixelHit 1527, 908, 174.796, 0
PixelHit 1528, 908, 90.5196, 0
PixelHit 1530, 907, 87.7128, 0
PixelHit 1531, 905, 75.9037, 0
PixelHit 1531, 908, 83.3204, 0
PixelHit 1533, 905, 225.978, 0
PixelHit 1534, 905, 101.863, 0
PixelHit 1534, 907, 91.8347, 0
PixelHit 1535, 903, 173.186, 0
PixelHit 1535, 904, 155.896, 0
PixelHit 1535, 907, 112.871, 0
PixelHit 1536, 906, 116.683, 0
PixelHit 1537, 906, 206.128, 0
PixelHit 1538, 906, 92.6433, 0
PixelHit 1539, 904, 126.963, 0
PixelHit 1539, 905, 62.8838, 0
PixelHit 1539, 906, 105.785, 0
PixelHit 1541, 902, 213.428, 0
PixelHit 1542, 904, 70.0526, 0
PixelHit 1542, 905, 100.4, 0
PixelHit 1543, 904, 102.449, 0
PixelHit 1544, 905, 104.041, 0
PixelHit 1546, 905, 207.668, 0
PixelHit 1547, 903, 148.577, 0
PixelHit 1548, 902, 53.9164, 0
PixelHit 1549, 903, 91.7078, 0
PixelHit 1550, 898, 74.6806, 0
PixelHit 1550, 901, 144.947, 0
PixelHit 1550, 903, 315.864, 0
PixelHit 1553, 900, 153.842, 0
PixelHit 1554, 898, 107.151, 0
PixelHit 1555, 898, 255.797, 0
PixelHit 1556, 898, 78.1839, 0
PixelHit 1556, 899, 216.511, 0
PixelHit 1558, 901, 138.788, 0
PixelHit 1559, 896, 65.7365, 0
PixelHit 1559, 899, 52.339, 0
PixelHit 1560, 901, 221.876, 0
PixelHit 1561, 895, 101.907, 0
PixelHit 1561, 901, 167.622, 0
PixelHit 1562, 899, 121.918, 0
PixelHit 1563, 896, 111.693, 0
PixelHit 1565, 899, 259.061, 0
PixelHit 1566, 898, 143.147, 0
=== 65 ===
=== 66 ===
=== 67 ===
=== 68 ===
=== 69 ===
=== 70 ===
=== 71 ===
=== 72 ===
=== 73 ===
=== 74 ===
=== 75 ===
--- mydetector ---
PixelHit 1268, 981, 123.042, 0
PixelHit 1270, 979, 111.105, 0
PixelHit 1270, 980, 198.657, 0
PixelHit 1270, 981, 77.5248, 0
PixelHit 1271, 979, 57.2759, 0
PixelHit 1272, 979, 145.798, 0
PixelHit 1273, 978, 109.026, 0
PixelHit 1273, 979, 409.03, 0
PixelHit 1273, 980, 94.7585, 0
PixelHit 1274, 978, 199.828, 0
PixelHit 1274, 979, 573.55, 0
PixelHit 1274, 980, 114.27, 0
PixelHit 1276, 978, 91.5381, 0
PixelHit 1276, 979, 194.603, 0
PixelHit 1277, 978, 129.297, 0
PixelHit 1277, 979, 144.455, 0
PixelHit 1279, 976, 202.825, 0
PixelHit 1279, 977, 132.961, 0
PixelHit 1279, 978, 60.2618, 0
=== 76 ===
=== 77 ===
=== 78 ===
=== 79 ===
=== 80 ===
=== 81 ===
=== 82 ===
=== 83 ===
=== 84 ===
=== 85 ===
=== 86 ===
=== 87 ===
=== 88 ===
=== 89 ===
=== 90 ===
=== 91 ===
=== 92 ===
=== 93 ===
=== 94 ===
=== 95 ===
--- mydetector ---
PixelHit 1339, 983, 95.8722, 0
PixelHit 1339, 985, 335.249, 0
PixelHit 1340, 984, 119.48, 0
PixelHit 1340, 985, 59.7313, 0
PixelHit 1341, 983, 85.0846, 0
PixelHit 1341, 984, 136.427, 0
PixelHit 1342, 981, 47.6661, 0
PixelHit 1342, 982, 109.811, 0
PixelHit 1342, 983, 353.355, 0
PixelHit 1342, 984, 159.457, 0
PixelHit 1342, 985, 125.844, 0
PixelHit 1343, 983, 92.8636, 0
PixelHit 1343, 984, 157.908, 0
PixelHit 1345, 983, 201.057, 0
PixelHit 1346, 981, 126.394, 0
PixelHit 1346, 982, 189.979, 0
PixelHit 1346, 983, 134.846, 0
PixelHit 1347, 980, 331.615, 0
PixelHit 1347, 981, 295.833, 0
PixelHit 1347, 982, 96.4589, 0
PixelHit 1348, 980, 416.134, 0
PixelHit 1348, 981, 857.844, 0
PixelHit 1348, 982, 151.941, 0
PixelHit 1348, 983, 78.3291, 0
PixelHit 1349, 980, 242.677, 0
PixelHit 1349, 981, 643.158, 0
PixelHit 1350, 979, 299.114, 0
PixelHit 1350, 980, 203.678, 0
PixelHit 1350, 981, 275.938, 0
PixelHit 1350, 982, 392.669, 0
PixelHit 1351, 979, 94.3885, 0
PixelHit 1351, 980, 151.842, 0
PixelHit 1352, 979, 96.2128, 0
PixelHit 1352, 980, 215.615, 0
PixelHit 1353, 979, 211.86, 0
PixelHit 1353, 981, 220.418, 0
PixelHit 1354, 979, 123.792, 0
PixelHit 1355, 977, 93.7813, 0
PixelHit 1355, 978, 284.371, 0
PixelHit 1355, 979, 406.795, 0
PixelHit 1355, 980, 144.726, 0
PixelHit 1356, 979, 234.195, 0
PixelHit 1356, 981, 90.0005, 0
PixelHit 1357, 977, 160.572, 0
PixelHit 1357, 979, 56.2803, 0
PixelHit 1358, 977, 84.8519, 0
PixelHit 1358, 978, 291.579, 0
PixelHit 1358, 980, 72.5346, 0
PixelHit 1359, 978, 97.281, 0
PixelHit 1359, 979, 65.0582, 0
PixelHit 1360, 976, 205.16, 0
PixelHit 1360, 979, 90.9327, 0
PixelHit 1361, 977, 104.644, 0
PixelHit 1362, 977, 58.0996, 0
PixelHit 1363, 977, 157.669, 0
PixelHit 1363, 978, 407.909, 0
PixelHit 1364, 975, 379.035, 0
PixelHit 1365, 975, 193.753, 0
PixelHit 1365, 976, 205.274, 0
PixelHit 1365, 978, 91.3095, 0
PixelHit 1366, 976, 137.566, 0
PixelHit 1366, 977, 355.404, 0
PixelHit 1366, 978, 159.253, 0
PixelHit 1367, 974, 127.834, 0
PixelHit 1367, 977, 119.828, 0
PixelHit 1368, 974, 194.545, 0
PixelHit 1368, 975, 139.316, 0
PixelHit 1368, 976, 93.356, 0
PixelHit 1369, 976, 208.823, 0
PixelHit 1370, 974, 68.0065, 0
PixelHit 1371, 971, 186.774, 0
PixelHit 1371, 974, 113.258, 0
PixelHit 1372, 974, 207.229, 0
PixelHit 1373, 974, 163.151, 0
PixelHit 1373, 975, 108.455, 0
PixelHit 1373, 977, 54.1059, 0
PixelHit 1374, 973, 191.595, 0
PixelHit 1374, 974, 47.2875, 0
PixelHit 1374, 975, 147.022, 0
PixelHit 1374, 976, 152.608, 0
PixelHit 1374, 977, 54.5296, 0
PixelHit 1375, 972, 67.7363, 0
PixelHit 1375, 973, 102.825, 0
PixelHit 1375, 974, 71.3519, 0
PixelHit 1375, 975, 137.989, 0
PixelHit 1375, 976, 251.131, 0
PixelHit 1375, 977, 245.415, 0
PixelHit 1376, 975, 248.8, 0
PixelHit 1377, 974, 53.7743, 0
PixelHit 1378, 972, 52.1002, 0
PixelHit 1379, 971, 209.155, 0
PixelHit 1379, 973, 111.479, 0
PixelHit 1380, 972, 261.803, 0
PixelHit 1380, 973, 185.255, 0
PixelHit 1382, 969, 77.4028, 0
PixelHit 1382, 970, 80.9872, 0
PixelHit 1383, 968, 234.618, 0
PixelHit 1384, 971, 138.531, 0
PixelHit 1384, 973, 75.7556, 0
PixelHit 1386, 968, 102.627, 0
PixelHit 1386, 973, 57.5426, 0
PixelHit 1387, 968, 87.5856, 0
PixelHit 1387, 971, 181.223, 0
PixelHit 1387, 972, 325.643, 0
PixelHit 1387, 973, 103.209, 0
PixelHit 1389, 966, 107.759, 0
PixelHit 1389, 967, 149.09, 0
PixelHit 1389, 968, 120.261, 0
PixelHit 1389, 969, 215.363, 0
PixelHit 1389, 971, 229.754, 0
PixelHit 1390, 971, 53.11, 0
PixelHit 1391, 965, 95.8212, 0
PixelHit 1391, 967, 133.578, 0
PixelHit 1391, 968, 106.671, 0
PixelHit 1391, 970, 141.44, 0
PixelHit 1392, 967, 94.5974, 0
PixelHit 1392, 968, 451.009, 0
PixelHit 1393, 970, 269.985, 0
PixelHit 1394, 963, 119.597, 0
PixelHit 1394, 967, 146.186, 0
PixelHit 1394, 968, 261.87, 0
PixelHit 1394, 970, 138.424, 0
PixelHit 1397, 966, 119.556, 0
PixelHit 1397, 967, 156.393, 0
=== 96 ===
=== 97 ===
=== 98 ===
=== 99 ===
=== 100 ===
# 633 objects from 6 messages
