# Allpix Squared ASCII data - https://cern.ch/allpix-squared

=== 1 ===
=== 2 ===
=== 3 ===
=== 4 ===
=== 5 ===
=== 6 ===
=== 7 ===
=== 8 ===
=== 9 ===
=== 10 ===
=== 11 ===
=== 12 ===
=== 13 ===
=== 14 ===
=== 15 ===
=== 16 ===
=== 17 ===
=== 18 ===
=== 19 ===
=== 20 ===
=== 21 ===
--- mydetector ---
PixelHit 1439, 1049, 52.4312, 0
PixelHit 1440, 1049, 96.5949, 0
PixelHit 1442, 1049, 75.4129, 0
PixelHit 1443, 1049, 48.0952, 0
PixelHit 1444, 1049, 227.429, 0
PixelHit 1445, 1048, 215.91, 0
PixelHit 1446, 1049, 86.1927, 0
PixelHit 1447, 1049, 242.501, 0
PixelHit 1448, 1048, 108.035, 0
PixelHit 1449, 1050, 160.482, 0
PixelHit 1454, 1048, 77.2949, 0
PixelHit 1454, 1049, 134.913, 0
PixelHit 1454, 1050, 91.197, 0
PixelHit 1455, 1049, 162.662, 0
PixelHit 1458, 1048, 108.993, 0
PixelHit 1461, 1048, 134.732, 0
PixelHit 1466, 1048, 184.65, 0
PixelHit 1467, 1050, 72.1298, 0
PixelHit 1468, 1048, 84.1211, 0
PixelHit 1470, 1048, 59.3901, 0
PixelHit 1474, 1049, 196, 0
PixelHit 1477, 1048, 274.785, 0
PixelHit 1478, 1048, 128.876, 0
PixelHit 1478, 1049, 101.864, 0
PixelHit 1479, 1049, 158.016, 0
PixelHit 1479, 1050, 164.973, 0
PixelHit 1481, 1047, 202.133, 0
PixelHit 1482, 1048, 161.463, 0
PixelHit 1482, 1050, 62.022, 0
PixelHit 1483, 1047, 113.649, 0
PixelHit 1483, 1051, 116.751, 0
PixelHit 1484, 1048, 93.5382, 0
PixelHit 1485, 1048, 221.873, 0
PixelHit 1487, 1047, 77.1023, 0
PixelHit 1489, 1050, 91.4307, 0
PixelHit 1491, 1048, 56.1396, 0
PixelHit 1491, 1049, 82.0341, 0
PixelHit 1491, 1050, 122.639, 0
PixelHit 1492, 1050, 77.8996, 0
PixelHit 1493, 1048, 184.863, 0
PixelHit 1493, 1049, 101.335, 0
PixelHit 1494, 1048, 72.2418, 0
PixelHit 1494, 1050, 96.1399, 0
PixelHit 1496, 1049, 117.044, 0
PixelHit 1497, 1048, 61.2628, 0
PixelHit 1501, 1047, 154.077, 0
PixelHit 1501, 1050, 200.096, 0
PixelHit 1503, 1049, 111.845, 0
PixelHit 1504, 1046, 120.725, 0
PixelHit 1505, 1048, 152.092, 0
PixelHit 1507, 1047, 136.906, 0
PixelHit 1510, 1049, 136.091, 0
PixelHit 1511, 1048, 235.93, 0
PixelHit 1512, 1048, 109.321, 0
PixelHit 1512, 1049, 101.256, 0
PixelHit 1515, 1047, 51.0412, 0
PixelHit 1516, 1049, 171.458, 0
PixelHit 1516, 1050, 89.4964, 0
PixelHit 1517, 1047, 95.7782, 0
PixelHit 1517, 1048, 123.278, 0
PixelHit 1517, 1049, 89.6367, 0
PixelHit 1518, 1050, 64.6034, 0
PixelHit 1519, 1049, 61.5526, 0
PixelHit 1519, 1050, 208.532, 0
PixelHit 1520, 1047, 84.4517, 0
PixelHit 1521, 1050, 117.345, 0
PixelHit 1522, 1050, 129.899, 0
PixelHit 1523, 1051, 74.5116, 0
PixelHit 1525, 1047, 128.875, 0
PixelHit 1526, 1048, 128.036, 0
PixelHit 1527, 1050, 75.2035, 0
PixelHit 1528, 1048, 297.479, 0
PixelHit 1529, 1046, 153.532, 0
PixelHit 1529, 1048, 48.3426, 0
PixelHit 1530, 1047, 99.062, 0
PixelHit 1530, 1048, 102.049, 0
PixelHit 1530, 1049, 238.69, 0
PixelHit 1532, 1048, 197.58, 0
PixelHit 1536, 1045, 116.562, 0
PixelHit 1537, 1050, 69.0761, 0
PixelHit 1537, 1051, 107.007, 0
PixelHit 1538, 1047, 106.668, 0
PixelHit 1538, 1050, 192.584, 0
PixelHit 1539, 1049, 111.48, 0
PixelHit 1540, 1046, 83.001, 0
PixelHit 1541, 1047, 104.496, 0
PixelHit 1541, 1048, 132.974, 0
PixelHit 1543, 1048, 165.752, 0
PixelHit 1543, 1051, 88.0394, 0
PixelHit 1544, 1046, 101.495, 0
PixelHit 1544, 1049, 98.0316, 0
PixelHit 1546, 1047, 111.428, 0
=== 22 ===
=== 23 ===
=== 24 ===
=== 25 ===
=== 26 ===
=== 27 ===
=== 28 ===
=== 29 ===
=== 30 ===
=== 31 ===
=== 32 ===
=== 33 ===
=== 34 ===
=== 35 ===
=== 36 ===
=== 37 ===
=== 38 ===
=== 39 ===
=== 40 ===
=== 41 ===
=== 42 ===
=== 43 ===
=== 44 ===
=== 45 ===
=== 46 ===
=== 47 ===
=== 48 ===
=== 49 ===
=== 50 ===
=== 51 ===
=== 52 ===
=== 53 ===
=== 54 ===
=== 55 ===
=== 56 ===
=== 57 ===
=== 58 ===
--- mydetector ---
PixelHit 818, 1233, 70.785, 0
PixelHit 818, 1234, 152.005, 0
PixelHit 819, 1233, 65.6639, 0
PixelHit 819, 1234, 149.967, 0
PixelHit 820, 1233, 149.623, 0
PixelHit 821, 1233, 111.627, 0
PixelHit 821, 1234, 248.889, 0
PixelHit 822, 1233, 237.596, 0
PixelHit 822, 1234, 535.833, 0
PixelHit 824, 1233, 105.558, 0
PixelHit 824, 1234, 178.51, 0
PixelHit 826, 1234, 90.8881, 0
PixelHit 827, 1232, 76.0025, 0
PixelHit 827, 1233, 552.776, 0
PixelHit 827, 1234, 380.492, 0
PixelHit 828, 1233, 217.887, 0
PixelHit 828, 1234, 77.8198, 0
PixelHit 829, 1234, 147.264, 0
PixelHit 831, 1233, 213.085, 0
PixelHit 832, 1233, 163.589, 0
PixelHit 833, 1233, 134.943, 0
PixelHit 834, 1234, 64.1239, 0
PixelHit 836, 1234, 133.899, 0
PixelHit 838, 1234, 157.528, 0
PixelHit 839, 1234, 58.9791, 0
PixelHit 841, 1232, 97.9286, 0
PixelHit 842, 1234, 120.913, 0
PixelHit 843, 1232, 84.3585, 0
PixelHit 844, 1233, 160.73, 0
PixelHit 847, 1234, 141.88, 0
PixelHit 848, 1234, 212.082, 0
PixelHit 850, 1234, 96.7688, 0
PixelHit 854, 1232, 318.214, 0
PixelHit 855, 1232, 90.1097, 0
PixelHit 855, 1233, 82.1504, 0
PixelHit 856, 1234, 69.9024, 0
PixelHit 857, 1230, 70.1037, 0
PixelHit 857, 1233, 128.536, 0
PixelHit 859, 1233, 218.394, 0
PixelHit 865, 1233, 95.032, 0
PixelHit 868, 1232, 105.1, 0
PixelHit 871, 1230, 125.197, 0
PixelHit 871, 1231, 47.8058, 0
PixelHit 871, 1234, 68.8938, 0
PixelHit 872, 1231, 104.343, 0
PixelHit 872, 1232, 84.848, 0
PixelHit 873, 1230, 100.401, 0
PixelHit 874, 1231, 119.177, 0
PixelHit 874, 1233, 140.098, 0
PixelHit 876, 1233, 232.023, 0
PixelHit 877, 1230, 199.69, 0
PixelHit 877, 1231, 109.418, 0
PixelHit 879, 1233, 150.419, 0
PixelHit 881, 1231, 80.1404, 0
PixelHit 881, 1233, 137.188, 0
PixelHit 882, 1232, 151.858, 0
PixelHit 883, 1231, 86.5869, 0
PixelHit 884, 1231, 256.963, 0
PixelHit 885, 1235, 162.211, 0
PixelHit 887, 1235, 183.402, 0
PixelHit 887, 1237, 178.268, 0
PixelHit 888, 1231, 61.0052, 0
PixelHit 888, 1232, 58.5799, 0
PixelHit 888, 1233, 113.904, 0
PixelHit 889, 1231, 143.657, 0
PixelHit 889, 1232, 214.577, 0
PixelHit 889, 1233, 105.8, 0
PixelHit 890, 1232, 92.3241, 0
PixelHit 892, 1232, 74.7981, 0
PixelHit 893, 1231, 153.101, 0
PixelHit 893, 1232, 56.5458, 0
PixelHit 893, 1234, 87.1701, 0
PixelHit 894, 1229, 94.38, 0
PixelHit 894, 1233, 81.8801, 0
PixelHit 895, 1231, 158.367, 0
PixelHit 896, 1230, 69.5099, 0
PixelHit 897, 1231, 70.0123, 0
PixelHit 898, 1231, 90.8799, 0
PixelHit 900, 1231, 96.1634, 0
PixelHit 900, 1232, 145.722, 0
PixelHit 901, 1231, 61.0125, 0
PixelHit 902, 1233, 58.661, 0
PixelHit 904, 1230, 85.8194, 0
PixelHit 905, 1231, 66.4976, 0
PixelHit 905, 1232, 57.0786, 0
PixelHit 906, 1229, 81.9874, 0
PixelHit 906, 1232, 88.722, 0
PixelHit 908, 1232, 124.544, 0
PixelHit 910, 1229, 190.19, 0
PixelHit 910, 1231, 104.877, 0
PixelHit 910, 1232, 91.6854, 0
PixelHit 911, 1231, 239.057, 0
PixelHit 911, 1232, 75.015, 0
PixelHit 911, 1233, 96.9422, 0
PixelHit 912, 1230, 177.909, 0
PixelHit 912, 1233, 81.953, 0
PixelHit 913, 1229, 50.2058, 0
PixelHit 913, 1231, 314.347, 0
PixelHit 913, 1233, 146, 0
PixelHit 915, 1230, 135.425, 0
PixelHit 915, 1232, 59.6415, 0
PixelHit 917, 1230, 74.1382, 0
PixelHit 918, 1232, 165.518, 0
PixelHit 921, 1232, 118.278, 0
PixelHit 921, 1233, 168.9, 0
PixelHit 921, 1234, 173.759, 0
PixelHit 922, 1230, 101.457, 0
PixelHit 922, 1233, 163.501, 0
PixelHit 923, 1229, 109.939, 0
PixelHit 924, 1227, 201.037, 0
PixelHit 926, 1228, 110.153, 0
PixelHit 927, 1229, 64.6712, 0
PixelHit 927, 1233, 168.312, 0
PixelHit 928, 1227, 99.6836, 0
PixelHit 928, 1232, 72.9003, 0
PixelHit 931, 1230, 210.349, 0
=== 59 ===
=== 60 ===
=== 61 ===
=== 62 ===
=== 63 ===
=== 64 ===
=== 65 ===
=== 66 ===
=== 67 ===
=== 68 ===
=== 69 ===
=== 70 ===
=== 71 ===
=== 72 ===
=== 73 ===
=== 74 ===
=== 75 ===
=== 76 ===
=== 77 ===
=== 78 ===
=== 79 ===
=== 80 ===
--- mydetector ---
PixelHit 1097, 1453, 106.363, 0
PixelHit 1098, 1453, 114.794, 0
PixelHit 1099, 1453, 96.8295, 0
PixelHit 1100, 1452, 224.792, 0
PixelHit 1102, 1452, 69.7166, 0
PixelHit 1103, 1452, 99.4832, 0
PixelHit 1105, 1452, 152.689, 0
PixelHit 1105, 1453, 196.571, 0
PixelHit 1106, 1452, 103.477, 0
PixelHit 1107, 1451, 69.973, 0
PixelHit 1107, 1452, 275.628, 0
PixelHit 1108, 1452, 57.51, 0
PixelHit 1110, 1452, 182.149, 0
PixelHit 1113, 1453, 119.702, 0
PixelHit 1115, 1452, 171.61, 0
PixelHit 1117, 1451, 71.0387, 0
PixelHit 1117, 1452, 124.666, 0
PixelHit 1118, 1450, 285.06, 0
PixelHit 1120, 1450, 62.6286, 0
PixelHit 1124, 1451, 200.345, 0
PixelHit 1125, 1451, 52.0998, 0
PixelHit 1129, 1450, 102.926, 0
PixelHit 1131, 1449, 53.3567, 0
PixelHit 1131, 1450, 90.1809, 0
PixelHit 1132, 1450, 218.539, 0
PixelHit 1136, 1450, 112.422, 0
PixelHit 1137, 1449, 94.148, 0
PixelHit 1137, 1451, 224.913, 0
PixelHit 1139, 1450, 94.2177, 0
PixelHit 1139, 1451, 78.4192, 0
PixelHit 1140, 1451, 145.262, 0
PixelHit 1141, 1450, 98.0787, 0
PixelHit 1143, 1449, 225.511, 0
PixelHit 1145, 1449, 112.763, 0
PixelHit 1145, 1451, 212.002, 0
PixelHit 1146, 1451, 41.4336, 0
PixelHit 1147, 1450, 132.228, 0
PixelHit 1148, 1449, 293.419, 0
PixelHit 1149, 1450, 59.5456, 0
PixelHit 1150, 1447, 111.694, 0
PixelHit 1150, 1449, 346.383, 0
PixelHit 1150, 1451, 250.641, 0
PixelHit 1151, 1447, 232.487, 0
PixelHit 1151, 1448, 63.0522, 0
PixelHit 1151, 1449, 286.073, 0
PixelHit 1151, 1450, 151.561, 0
PixelHit 1151, 1452, 191.709, 0
PixelHit 1152, 1448, 254.635, 0
PixelHit 1152, 1449, 290.686, 0
PixelHit 1152, 1450, 233.534, 0
PixelHit 1152, 1452, 81.5447, 0
PixelHit 1153, 1449, 147.139, 0
PixelHit 1154, 1449, 177.556, 0
PixelHit 1155, 1448, 106.701, 0
PixelHit 1157, 1447, 87.1474, 0
PixelHit 1157, 1450, 140.325, 0
PixelHit 1158, 1447, 119.008, 0
PixelHit 1158, 1450, 72.372, 0
PixelHit 1159, 1451, 137.934, 0
PixelHit 1160, 1447, 170.268, 0
PixelHit 1160, 1450, 213.043, 0
PixelHit 1160, 1451, 50.9341, 0
PixelHit 1162, 1450, 90.3728, 0
PixelHit 1163, 1449, 170.938, 0
PixelHit 1166, 1445, 118.521, 0
PixelHit 1166, 1448, 192.375, 0
PixelHit 1168, 1447, 86.3284, 0
PixelHit 1169, 1448, 114.213, 0
PixelHit 1169, 1449, 80.6693, 0
PixelHit 1170, 1446, 155.411, 0
PixelHit 1171, 1446, 43.6871, 0
PixelHit 1171, 1447, 143.048, 0
PixelHit 1173, 1447, 58.995, 0
PixelHit 1173, 1449, 237.382, 0
PixelHit 1174, 1448, 165.148, 0
PixelHit 1175, 1448, 236.073, 0
PixelHit 1176, 1447, 182.388, 0
PixelHit 1176, 1448, 261.796, 0
PixelHit 1176, 1450, 91.8089, 0
PixelHit 1178, 1451, 152.871, 0
PixelHit 1179, 1446, 144.475, 0
PixelHit 1179, 1447, 137.905, 0
PixelHit 1179, 1449, 335.522, 0
PixelHit 1179, 1450, 73.4855, 0
PixelHit 1180, 1445, 254.917, 0
PixelHit 1180, 1447, 105.675, 0
PixelHit 1180, 1448, 91.212, 0
PixelHit 1180, 1450, 100.082, 0
PixelHit 1181, 1446, 100.239, 0
PixelHit 1181, 1447, 62.0136, 0
PixelHit 1185, 1445, 97.1564, 0
PixelHit 1185, 1447, 73.6813, 0
PixelHit 1186, 1446, 121.737, 0
PixelHit 1186, 1448, 197.225, 0
PixelHit 1188, 1445, 95.6667, 0
PixelHit 1188, 1449, 143.793, 0
PixelHit 1188, 1450, 93.4934, 0
PixelHit 1191, 1448, 145.448, 0
PixelHit 1191, 1449, 137.999, 0
PixelHit 1191, 1450, 218.24, 0
PixelHit 1193, 1447, 70.3375, 0
PixelHit 1198, 1446, 85.216, 0
PixelHit 1198, 1448, 109.91, 0
PixelHit 1199, 1445, 78.8259, 0
PixelHit 1199, 1446, 62.3901, 0
PixelHit 1202, 1449, 300.349, 0
PixelHit 1204, 1445, 73.9078, 0
PixelHit 1205, 1448, 70.2374, 0
PixelHit 1207, 1448, 53.4145, 0
=== 81 ===
=== 82 ===
=== 83 ===
=== 84 ===
=== 85 ===
=== 86 ===
=== 87 ===
=== 88 ===
=== 89 ===
=== 90 ===
=== 91 ===
=== 92 ===
=== 93 ===
=== 94 ===
=== 95 ===
=== 96 ===
=== 97 ===
=== 98 ===
=== 99 ===
=== 100 ===
# 317 objects from 3 messages
