# Allpix Squared ASCII data - https://cern.ch/allpix-squared

=== 1 ===
=== 2 ===
=== 3 ===
=== 4 ===
=== 5 ===
=== 6 ===
=== 7 ===
=== 8 ===
=== 9 ===
=== 10 ===
=== 11 ===
=== 12 ===
=== 13 ===
=== 14 ===
--- mydetector ---
PixelHit 207, 173, 254.311, 0
PixelHit 208, 173, 209.59, 0
PixelHit 209, 173, 68.3643, 0
PixelHit 210, 173, 211.126, 0
PixelHit 210, 174, 238.741, 0
PixelHit 211, 173, 260.263, 0
PixelHit 211, 174, 110.253, 0
PixelHit 212, 173, 93.6033, 0
PixelHit 214, 173, 226.617, 0
PixelHit 214, 174, 125.777, 0
PixelHit 215, 174, 71.5564, 0
PixelHit 218, 174, 77.9153, 0
PixelHit 219, 175, 218.52, 0
PixelHit 221, 173, 96.9619, 0
PixelHit 221, 174, 225.685, 0
PixelHit 228, 176, 61.2445, 0
PixelHit 230, 177, 170.253, 0
PixelHit 231, 177, 160.31, 0
PixelHit 232, 175, 64.2651, 0
PixelHit 233, 176, 132.708, 0
PixelHit 234, 174, 219.586, 0
PixelHit 234, 175, 60.1895, 0
PixelHit 234, 177, 160.432, 0
PixelHit 234, 178, 95.9417, 0
PixelHit 238, 178, 61.616, 0
PixelHit 239, 175, 58.2201, 0
PixelHit 239, 177, 132.694, 0
PixelHit 240, 176, 233.977, 0
PixelHit 240, 178, 147.023, 0
PixelHit 241, 177, 55.5503, 0
PixelHit 242, 176, 62.2665, 0
PixelHit 242, 178, 109.708, 0
PixelHit 243, 176, 81.5745, 0
PixelHit 243, 177, 85.8947, 0
PixelHit 243, 178, 106.505, 0
PixelHit 244, 176, 158.615, 0
PixelHit 245, 178, 110.669, 0
PixelHit 245, 179, 172.615, 0
PixelHit 247, 179, 76.2075, 0
PixelHit 248, 178, 156.255, 0
PixelHit 251, 177, 181.319, 0
PixelHit 251, 178, 89.6024, 0
PixelHit 252, 175, 180.861, 0
PixelHit 252, 176, 91.4986, 0
PixelHit 253, 180, 95.362, 0
PixelHit 254, 180, 129.923, 0
PixelHit 257, 178, 200.245, 0
PixelHit 259, 181, 154.177, 0
PixelHit 260, 177, 59.9778, 0
PixelHit 263, 181, 94.2919, 0
PixelHit 264, 178, 105.331, 0
PixelHit 264, 180, 159.552, 0
PixelHit 265, 175, 151.188, 0
PixelHit 265, 179, 54.947, 0
PixelHit 265, 182, 80.2974, 0
PixelHit 266, 179, 246.476, 0
PixelHit 267, 179, 102.735, 0
PixelHit 267, 180, 137.627, 0
PixelHit 271, 179, 91.4405, 0
=== 15 ===
=== 16 ===
=== 17 ===
=== 18 ===
=== 19 ===
=== 20 ===
=== 21 ===
=== 22 ===
=== 23 ===
=== 24 ===
=== 25 ===
=== 26 ===
=== 27 ===
=== 28 ===
=== 29 ===
=== 30 ===
=== 31 ===
=== 32 ===
=== 33 ===
=== 34 ===
--- mydetector ---
PixelHit 435, 1492, 124.772, 0
PixelHit 436, 1492, 107.906, 0
PixelHit 437, 1492, 59.4142, 0
PixelHit 438, 1492, 180.831, 0
PixelHit 438, 1493, 136.842, 0
PixelHit 439, 1492, 166.816, 0
PixelHit 440, 1492, 58.4157, 0
PixelHit 441, 1492, 100.928, 0
PixelHit 441, 1493, 78.1613, 0
PixelHit 442, 1491, 193.78, 0
PixelHit 443, 1491, 376.424, 0
PixelHit 443, 1492, 508.72, 0
PixelHit 444, 1490, 174.736, 0
PixelHit 444, 1491, 244.416, 0
PixelHit 444, 1492, 680.514, 0
PixelHit 444, 1493, 108.688, 0
PixelHit 445, 1490, 152.429, 0
PixelHit 445, 1491, 57.765, 0
PixelHit 445, 1492, 57.9681, 0
PixelHit 446, 1492, 227.887, 0
PixelHit 446, 1493, 108.996, 0
PixelHit 450, 1490, 158.494, 0
PixelHit 450, 1493, 163.979, 0
PixelHit 451, 1491, 112.118, 0
PixelHit 451, 1492, 135.224, 0
PixelHit 452, 1491, 77.0949, 0
PixelHit 453, 1491, 50.4236, 0
PixelHit 453, 1494, 153.183, 0
PixelHit 454, 1491, 125.958, 0
PixelHit 454, 1492, 48.4356, 0
PixelHit 456, 1490, 60.3677, 0
PixelHit 459, 1490, 145.814, 0
PixelHit 459, 1492, 289.664, 0
PixelHit 460, 1490, 108.26, 0
PixelHit 461, 1491, 168.353, 0
PixelHit 462, 1490, 113.597, 0
PixelHit 462, 1491, 84.6719, 0
PixelHit 462, 1493, 157.469, 0
PixelHit 464, 1486, 129.966, 0
PixelHit 464, 1492, 222.24, 0
PixelHit 466, 1488, 133.854, 0
PixelHit 466, 1489, 56.9061, 0
PixelHit 466, 1490, 171.452, 0
PixelHit 466, 1491, 177.215, 0
PixelHit 466, 1492, 67.8143, 0
PixelHit 467, 1490, 237.516, 0
PixelHit 467, 1491, 318.843, 0
PixelHit 467, 1492, 58.8482, 0
PixelHit 468, 1488, 124.634, 0
PixelHit 468, 1489, 123.277, 0
PixelHit 468, 1490, 114.018, 0
PixelHit 468, 1491, 285.596, 0
PixelHit 468, 1492, 101.229, 0
PixelHit 469, 1489, 165.918, 0
PixelHit 469, 1490, 190.415, 0
PixelHit 469, 1491, 129.499, 0
PixelHit 469, 1493, 189.543, 0
PixelHit 470, 1489, 71.522, 0
PixelHit 470, 1491, 246.268, 0
PixelHit 470, 1492, 129.34, 0
PixelHit 472, 1491, 60.9695, 0
PixelHit 474, 1489, 78.7272, 0
PixelHit 474, 1490, 151.332, 0
PixelHit 474, 1492, 253.856, 0
PixelHit 475, 1489, 140.875, 0
PixelHit 478, 1489, 76.2411, 0
PixelHit 480, 1489, 336.303, 0
PixelHit 480, 1491, 156.674, 0
PixelHit 481, 1489, 232.639, 0
PixelHit 482, 1488, 110.999, 0
PixelHit 482, 1490, 88.372, 0
PixelHit 483, 1489, 85.7159, 0
PixelHit 483, 1491, 55.7355, 0
PixelHit 484, 1486, 102.267, 0
PixelHit 484, 1487, 126.384, 0
PixelHit 484, 1488, 99.9773, 0
PixelHit 485, 1486, 127.196, 0
PixelHit 485, 1488, 142.727, 0
PixelHit 485, 1489, 140.742, 0
PixelHit 485, 1490, 145.618, 0
PixelHit 486, 1489, 127.729, 0
PixelHit 486, 1491, 262.566, 0
PixelHit 487, 1487, 73.1304, 0
PixelHit 487, 1489, 54.5046, 0
PixelHit 487, 1490, 119.173, 0
PixelHit 488, 1488, 244.632, 0
PixelHit 488, 1491, 170.431, 0
PixelHit 490, 1488, 180.859, 0
PixelHit 491, 1487, 132.98, 0
PixelHit 491, 1490, 82.8297, 0
PixelHit 494, 1488, 124.654, 0
=== 35 ===
=== 36 ===
=== 37 ===
=== 38 ===
=== 39 ===
=== 40 ===
=== 41 ===
=== 42 ===
--- mydetector ---
PixelHit 288, 1469, 272.912, 0
PixelHit 294, 1469, 67.7802, 0
PixelHit 296, 1468, 254.15, 0
PixelHit 297, 1468, 200.826, 0
PixelHit 298, 1468, 132.275, 0
PixelHit 298, 1469, 121.945, 0
PixelHit 299, 1467, 106.338, 0
PixelHit 299, 1469, 140.79, 0
PixelHit 301, 1469, 60.5196, 0
PixelHit 302, 1468, 191.941, 0
PixelHit 303, 1467, 207.849, 0
PixelHit 304, 1468, 108.057, 0
PixelHit 311, 1467, 148.68, 0
PixelHit 314, 1468, 76.7033, 0
PixelHit 315, 1467, 100.704, 0
PixelHit 315, 1469, 183.429, 0
PixelHit 316, 1467, 166.279, 0
PixelHit 316, 1469, 182.534, 0
PixelHit 317, 1466, 151.776, 0
PixelHit 317, 1468, 307.288, 0
PixelHit 318, 1465, 130.633, 0
PixelHit 318, 1466, 75.2691, 0
PixelHit 318, 1467, 147.375, 0
PixelHit 319, 1466, 99.3439, 0
PixelHit 319, 1468, 70.3332, 0
PixelHit 319, 1470, 83.1907, 0
PixelHit 320, 1465, 107.623, 0
PixelHit 320, 1466, 87.3885, 0
PixelHit 320, 1468, 192.291, 0
PixelHit 321, 1464, 177.631, 0
PixelHit 322, 1467, 170.024, 0
PixelHit 323, 1465, 81.4964, 0
PixelHit 323, 1469, 162.427, 0
PixelHit 324, 1466, 176.408, 0
PixelHit 324, 1467, 63.6153, 0
PixelHit 324, 1468, 75.0534, 0
PixelHit 325, 1466, 150.219, 0
PixelHit 326, 1465, 103.223, 0
PixelHit 326, 1467, 204.511, 0
PixelHit 328, 1464, 86.3028, 0
PixelHit 328, 1467, 107.293, 0
PixelHit 329, 1467, 221.127, 0
PixelHit 330, 1464, 185.595, 0
PixelHit 330, 1465, 63.8179, 0
PixelHit 331, 1466, 131.549, 0
PixelHit 332, 1462, 46.8641, 0
PixelHit 332, 1465, 206.673, 0
PixelHit 332, 1468, 304.166, 0
PixelHit 333, 1466, 195.29, 0
PixelHit 333, 1467, 325.508, 0
PixelHit 336, 1466, 69.1779, 0
PixelHit 337, 1466, 176.193, 0
PixelHit 338, 1466, 83.9026, 0
PixelHit 339, 1465, 122.667, 0
PixelHit 339, 1466, 80.3604, 0
PixelHit 339, 1467, 200.008, 0
PixelHit 339, 1468, 74.3686, 0
PixelHit 339, 1469, 176.287, 0
PixelHit 340, 1466, 150.319, 0
PixelHit 340, 1467, 51.708, 0
PixelHit 344, 1463, 266.107, 0
PixelHit 345, 1467, 126.534, 0
PixelHit 346, 1463, 192.134, 0
PixelHit 347, 1464, 79.7155, 0
PixelHit 347, 1467, 175.553, 0
PixelHit 1386, 1243, 260.297, 0
PixelHit 1387, 1242, 103.947, 0
PixelHit 1388, 1242, 122.022, 0
PixelHit 1389, 1241, 143.085, 0
PixelHit 1394, 1242, 168.808, 0
PixelHit 1394, 1243, 74.0301, 0
PixelHit 1395, 1242, 235.103, 0
PixelHit 1396, 1242, 156.713, 0
PixelHit 1397, 1244, 153.988, 0
PixelHit 1398, 1241, 186.003, 0
PixelHit 1399, 1239, 124.06, 0
PixelHit 1399, 1241, 57.1031, 0
PixelHit 1399, 1242, 178.854, 0
PixelHit 1401, 1241, 139.176, 0
PixelHit 1402, 1244, 101.815, 0
PixelHit 1404, 1240, 106.002, 0
PixelHit 1404, 1241, 157.941, 0
PixelHit 1404, 1243, 83.3979, 0
PixelHit 1405, 1239, 119.329, 0
PixelHit 1405, 1241, 73.5999, 0
PixelHit 1406, 1242, 54.7894, 0
PixelHit 1406, 1243, 88.5033, 0
PixelHit 1409, 1241, 224.648, 0
PixelHit 1411, 1241, 124.881, 0
PixelHit 1412, 1242, 51.1104, 0
PixelHit 1413, 1240, 246.69, 0
PixelHit 1413, 1241, 176.785, 0
PixelHit 1413, 1242, 141.654, 0
PixelHit 1414, 1238, 73.467, 0
PixelHit 1414, 1241, 282.576, 0
PixelHit 1415, 1239, 265.27, 0
PixelHit 1416, 1239, 227.417, 0
PixelHit 1416, 1240, 55.4677, 0
PixelHit 1417, 1239, 174.651, 0
PixelHit 1417, 1240, 69.2654, 0
PixelHit 1417, 1242, 74.9662, 0
PixelHit 1418, 1239, 132.557, 0
PixelHit 1418, 1241, 133.881, 0
PixelHit 1419, 1243, 154.588, 0
PixelHit 1420, 1241, 212.587, 0
PixelHit 1421, 1243, 137.071, 0
PixelHit 1422, 1242, 53.6753, 0
PixelHit 1423, 1240, 105.422, 0
PixelHit 1425, 1242, 120.614, 0
PixelHit 1427, 1238, 183.739, 0
PixelHit 1428, 1236, 120.218, 0
PixelHit 1428, 1239, 70.9458, 0
PixelHit 1428, 1240, 213.038, 0
PixelHit 1430, 1239, 107.418, 0
PixelHit 1430, 1240, 223.492, 0
PixelHit 1431, 1241, 138.483, 0
=== 43 ===
=== 44 ===
=== 45 ===
=== 46 ===
=== 47 ===
=== 48 ===
=== 49 ===
=== 50 ===
=== 51 ===
=== 52 ===
=== 53 ===
=== 54 ===
=== 55 ===
=== 56 ===
=== 57 ===
=== 58 ===
=== 59 ===
=== 60 ===
=== 61 ===
=== 62 ===
=== 63 ===
=== 64 ===
=== 65 ===
=== 66 ===
--- mydetector ---
PixelHit 885, 714, 75.4701, 0
PixelHit 885, 715, 390.079, 0
PixelHit 886, 715, 90.3735, 0
PixelHit 887, 714, 62.1241, 0
PixelHit 887, 715, 109.807, 0
PixelHit 889, 714, 67.7156, 0
PixelHit 889, 715, 70.0539, 0
PixelHit 890, 713, 106.97, 0
PixelHit 890, 714, 236.71, 0
PixelHit 890, 715, 211.407, 0
PixelHit 891, 714, 350.664, 0
PixelHit 891, 715, 171.136, 0
PixelHit 893, 715, 138.582, 0
PixelHit 894, 715, 125.6, 0
PixelHit 895, 714, 161.329, 0
PixelHit 896, 716, 60.4547, 0
PixelHit 897, 714, 124.47, 0
PixelHit 897, 715, 60.4184, 0
PixelHit 899, 716, 91.4295, 0
PixelHit 900, 715, 56.4951, 0
PixelHit 901, 715, 111.517, 0
PixelHit 902, 716, 120.591, 0
PixelHit 904, 714, 145.91, 0
PixelHit 904, 715, 90.05, 0
PixelHit 906, 716, 142.683, 0
PixelHit 907, 714, 78.0358, 0
PixelHit 907, 715, 169.076, 0
PixelHit 907, 716, 162.045, 0
PixelHit 908, 715, 210.124, 0
PixelHit 909, 715, 72.3616, 0
PixelHit 911, 717, 162.586, 0
PixelHit 914, 713, 175.205, 0
PixelHit 916, 715, 116.278, 0
PixelHit 918, 717, 61.5145, 0
PixelHit 919, 714, 143.777, 0
PixelHit 920, 718, 91.1184, 0
PixelHit 921, 713, 137.67, 0
PixelHit 921, 715, 203.723, 0
PixelHit 922, 716, 114.404, 0
PixelHit 923, 716, 62.1356, 0
PixelHit 923, 717, 103.788, 0
PixelHit 924, 717, 133.991, 0
PixelHit 925, 713, 75.0204, 0
PixelHit 926, 719, 94.9388, 0
PixelHit 927, 715, 161.583, 0
PixelHit 928, 717, 89.147, 0
PixelHit 929, 714, 70.2564, 0
PixelHit 930, 717, 250.22, 0
PixelHit 931, 713, 154.478, 0
PixelHit 932, 717, 63.6937, 0
PixelHit 934, 715, 184.587, 0
PixelHit 934, 716, 135.438, 0
PixelHit 935, 715, 81.1203, 0
PixelHit 937, 718, 130.192, 0
=== 67 ===
=== 68 ===
=== 69 ===
=== 70 ===
=== 71 ===
=== 72 ===
=== 73 ===
=== 74 ===
=== 75 ===
=== 76 ===
=== 77 ===
=== 78 ===
=== 79 ===
=== 80 ===
=== 81 ===
=== 82 ===
=== 83 ===
=== 84 ===
=== 85 ===
=== 86 ===
=== 87 ===
=== 88 ===
=== 89 ===
=== 90 ===
=== 91 ===
=== 92 ===
=== 93 ===
=== 94 ===
=== 95 ===
=== 96 ===
=== 97 ===
=== 98 ===
=== 99 ===
--- mydetector ---
PixelHit 909, 1017, 352.663, 0
PixelHit 910, 1017, 86.2937, 0
PixelHit 912, 1016, 121.26, 0
PixelHit 919, 1016, 148.29, 0
PixelHit 919, 1017, 233.422, 0
PixelHit 920, 1016, 167.574, 0
PixelHit 921, 1014, 311.197, 0
PixelHit 921, 1016, 264.014, 0
PixelHit 922, 1017, 216.66, 0
PixelHit 923, 1016, 165.745, 0
PixelHit 923, 1018, 114.316, 0
PixelHit 924, 1016, 196.539, 0
PixelHit 924, 1017, 57.1379, 0
PixelHit 924, 1018, 63.3165, 0
PixelHit 925, 1015, 154.304, 0
PixelHit 926, 1015, 106.044, 0
PixelHit 926, 1019, 242.446, 0
PixelHit 927, 1016, 48.2361, 0
PixelHit 927, 1017, 220.913, 0
PixelHit 928, 1016, 152.485, 0
PixelHit 928, 1017, 134.814, 0
PixelHit 929, 1017, 133.171, 0
PixelHit 931, 1017, 245.846, 0
PixelHit 931, 1018, 81.9699, 0
PixelHit 932, 1017, 88.4822, 0
PixelHit 933, 1016, 74.0804, 0
PixelHit 934, 1017, 168.054, 0
PixelHit 934, 1071, 141.624, 0
PixelHit 935, 1016, 133.054, 0
PixelHit 935, 1018, 81.6674, 0
PixelHit 935, 1019, 146.185, 0
PixelHit 935, 1072, 285.339, 0
PixelHit 936, 1019, 134.69, 0
PixelHit 936, 1071, 192.061, 0
PixelHit 937, 1016, 201.4, 0
PixelHit 937, 1017, 95.0875, 0
PixelHit 938, 1019, 104.885, 0
PixelHit 938, 1071, 109, 0
PixelHit 938, 1072, 101.599, 0
PixelHit 939, 1017, 94.6614, 0
PixelHit 939, 1071, 166.36, 0
PixelHit 940, 1071, 161.33, 0
PixelHit 940, 1072, 149.222, 0
PixelHit 941, 1071, 157.282, 0
PixelHit 942, 1017, 251.295, 0
PixelHit 942, 1073, 54.3066, 0
PixelHit 943, 1071, 88.6144, 0
PixelHit 944, 1016, 121.879, 0
PixelHit 945, 1013, 151.457, 0
PixelHit 945, 1015, 82.7515, 0
PixelHit 945, 1016, 80.7919, 0
PixelHit 945, 1017, 243.577, 0
PixelHit 945, 1018, 140.969, 0
PixelHit 945, 1071, 107.25, 0
PixelHit 946, 1015, 203.238, 0
PixelHit 946, 1071, 105.006, 0
PixelHit 947, 1071, 214.735, 0
PixelHit 948, 1017, 111.39, 0
PixelHit 948, 1070, 319.855, 0
PixelHit 948, 1072, 109.905, 0
PixelHit 949, 1072, 54.4289, 0
PixelHit 950, 1019, 172.049, 0
PixelHit 950, 1071, 120.154, 0
PixelHit 950, 1072, 186.987, 0
PixelHit 951, 1017, 200.048, 0
PixelHit 951, 1018, 46.1817, 0
PixelHit 951, 1072, 79.6655, 0
PixelHit 952, 1072, 58.006, 0
PixelHit 953, 1014, 73.3644, 0
PixelHit 953, 1016, 121.111, 0
PixelHit 953, 1018, 77.5334, 0
PixelHit 953, 1070, 110.79, 0
PixelHit 953, 1071, 205.339, 0
PixelHit 954, 1071, 67.5552, 0
PixelHit 955, 1015, 55.9772, 0
PixelHit 955, 1020, 69.6822, 0
PixelHit 955, 1071, 109.56, 0
PixelHit 956, 1019, 177.598, 0
PixelHit 957, 1071, 47.2577, 0
PixelHit 958, 1017, 59.9127, 0
PixelHit 958, 1071, 62.5477, 0
PixelHit 959, 1015, 211.181, 0
PixelHit 960, 1015, 57.6853, 0
PixelHit 960, 1016, 214.637, 0
PixelHit 960, 1020, 126.389, 0
PixelHit 961, 1018, 140.004, 0
PixelHit 962, 1070, 51.2539, 0
PixelHit 963, 1016, 61.1188, 0
PixelHit 963, 1072, 137.529, 0
PixelHit 964, 1018, 177.464, 0
PixelHit 965, 1020, 67.4767, 0
PixelHit 968, 1069, 80.7418, 0
PixelHit 968, 1070, 98.471, 0
PixelHit 968, 1073, 132.773, 0
PixelHit 969, 1068, 94.0363, 0
PixelHit 969, 1069, 67.4734, 0
PixelHit 969, 1072, 256.626, 0
PixelHit 970, 1073, 84.4654, 0
PixelHit 971, 1069, 191.77, 0
PixelHit 971, 1073, 196.577, 0
PixelHit 972, 1070, 85.2327, 0
PixelHit 972, 1071, 88.5946, 0
PixelHit 972, 1072, 102.453, 0
PixelHit 973, 1067, 103.601, 0
PixelHit 973, 1070, 173.728, 0
PixelHit 975, 1067, 142.173, 0
PixelHit 975, 1072, 231.596, 0
PixelHit 975, 1073, 100.018, 0
PixelHit 975, 1075, 76.8232, 0
PixelHit 976, 1070, 47.2363, 0
PixelHit 976, 1071, 98.6753, 0
PixelHit 977, 1069, 250.929, 0
PixelHit 977, 1070, 66.2942, 0
PixelHit 977, 1071, 218.642, 0
PixelHit 977, 1072, 108.325, 0
PixelHit 977, 1073, 215.628, 0
PixelHit 978, 1069, 198.392, 0
PixelHit 978, 1070, 118.28, 0
PixelHit 978, 1071, 352.9, 0
PixelHit 979, 1069, 202.543, 0
PixelHit 979, 1070, 323.065, 0
PixelHit 979, 1071, 314.798, 0
PixelHit 979, 1072, 451.785, 0
PixelHit 980, 1069, 47.8099, 0
PixelHit 980, 1070, 59.3459, 0
PixelHit 981, 1070, 136.744, 0
PixelHit 982, 1070, 74.4445, 0
PixelHit 982, 1071, 69.1368, 0
=== 100 ===
# 448 objects from 5 messages
