# Allpix Squared ASCII data - https://cern.ch/allpix-squared

=== 1 ===
--- mydetector ---
PixelHit 1176, 659, 226.323, 0
PixelHit 1177, 659, 625.388, 0
PixelHit 1177, 660, 99.5285, 0
PixelHit 1178, 658, 104.969, 0
PixelHit 1178, 659, 137.135, 0
PixelHit 1181, 660, 173.225, 0
PixelHit 1183, 659, 328.435, 0
PixelHit 1184, 660, 154.937, 0
PixelHit 1185, 659, 61.8626, 0
PixelHit 1185, 660, 65.9159, 0
PixelHit 1185, 662, 257.831, 0
PixelHit 1186, 659, 72.7015, 0
PixelHit 1187, 659, 186.2, 0
PixelHit 1187, 660, 145.481, 0
PixelHit 1188, 659, 79.8609, 0
PixelHit 1189, 660, 187.048, 0
PixelHit 1190, 661, 74.1649, 0
PixelHit 1190, 662, 84.5741, 0
PixelHit 1192, 660, 107.995, 0
PixelHit 1193, 659, 144.156, 0
PixelHit 1193, 661, 128.872, 0
PixelHit 1196, 660, 162.795, 0
PixelHit 1196, 665, 232.762, 0
PixelHit 1197, 663, 97.8906, 0
PixelHit 1198, 659, 149.184, 0
PixelHit 1199, 660, 107.011, 0
PixelHit 1201, 661, 99.9983, 0
PixelHit 1202, 659, 100.36, 0
PixelHit 1202, 660, 50.4391, 0
PixelHit 1204, 660, 222.624, 0
PixelHit 1205, 661, 82.8588, 0
PixelHit 1205, 662, 103.994, 0
PixelHit 1205, 663, 240.425, 0
PixelHit 1206, 661, 219.03, 0
PixelHit 1206, 662, 195.904, 0
PixelHit 1936, 1100, 64.7854, 0
PixelHit 1937, 1100, 368.306, 0
PixelHit 1938, 1101, 136.637, 0
PixelHit 1939, 1099, 167.865, 0
PixelHit 1939, 1100, 58.4564, 0
PixelHit 1942, 1100, 139.249, 0
PixelHit 1942, 1101, 153.561, 0
PixelHit 1943, 1100, 171.271, 0
PixelHit 1944, 1098, 354.892, 0
PixelHit 1944, 1101, 226.506, 0
PixelHit 1945, 1101, 242.726, 0
PixelHit 1946, 1100, 87.8476, 0
PixelHit 1946, 1101, 133.141, 0
PixelHit 1946, 1102, 74.9666, 0
PixelHit 1947, 1100, 130.486, 0
PixelHit 1948, 1101, 64.0488, 0
PixelHit 1949, 1099, 174.865, 0
PixelHit 1949, 1102, 85.4611, 0
PixelHit 1950, 1100, 54.6373, 0
PixelHit 1951, 1099, 156.37, 0
PixelHit 1951, 1100, 317.707, 0
PixelHit 1952, 1098, 63.8732, 0
PixelHit 1952, 1101, 122.406, 0
PixelHit 1953, 1099, 49.7867, 0
PixelHit 1953, 1103, 139.979, 0
PixelHit 1954, 1098, 190.508, 0
PixelHit 1955, 1098, 139.941, 0
PixelHit 1955, 1100, 137.264, 0
PixelHit 1956, 1099, 105.465, 0
PixelHit 1956, 1100, 159.61, 0
PixelHit 1957, 1099, 141.466, 0
PixelHit 1957, 1100, 126.204, 0
PixelHit 1957, 1101, 157.47, 0
PixelHit 1958, 1098, 97.6497, 0
PixelHit 1958, 1101, 126.583, 0
PixelHit 1959, 1100, 66.2765, 0
PixelHit 1959, 1102, 224.146, 0
PixelHit 1960, 1096, 242.69, 0
PixelHit 1960, 1102, 36.1165, 0
=== 2 ===
=== 3 ===
=== 4 ===
=== 5 ===
=== 6 ===
=== 7 ===
=== 8 ===
=== 9 ===
=== 10 ===
=== 11 ===
=== 12 ===
--- mydetector ---
PixelHit 1285, 993, 93.935, 0
PixelHit 1286, 993, 147.073, 0
PixelHit 1287, 992, 254.469, 0
PixelHit 1288, 992, 116.346, 0
PixelHit 1292, 992, 82.3611, 0
PixelHit 1293, 991, 120.176, 0
PixelHit 1294, 992, 131.96, 0
PixelHit 1294, 993, 67.8019, 0
PixelHit 1296, 991, 57.8218, 0
PixelHit 1296, 992, 125.409, 0
PixelHit 1297, 992, 108.403, 0
PixelHit 1297, 994, 169.123, 0
PixelHit 1298, 993, 89.1352, 0
PixelHit 1300, 991, 62.3191, 0
PixelHit 1301, 994, 82.1336, 0
PixelHit 1302, 991, 92.7179, 0
PixelHit 1303, 992, 99.2853, 0
PixelHit 1303, 993, 184.233, 0
PixelHit 1304, 995, 116.986, 0
PixelHit 1305, 990, 107.327, 0
PixelHit 1305, 991, 163.393, 0
PixelHit 1306, 994, 166.223, 0
PixelHit 1307, 993, 127.47, 0
PixelHit 1308, 995, 204.027, 0
PixelHit 1309, 993, 165.463, 0
PixelHit 1310, 991, 204.18, 0
PixelHit 1310, 992, 63.4343, 0
PixelHit 1310, 993, 145.713, 0
PixelHit 1310, 994, 66.7144, 0
PixelHit 1311, 995, 152.485, 0
PixelHit 1312, 993, 120.994, 0
PixelHit 1313, 992, 196.286, 0
PixelHit 1320, 991, 223.73, 0
PixelHit 1321, 990, 196.634, 0
PixelHit 1321, 991, 122.134, 0
PixelHit 1323, 991, 87.4804, 0
PixelHit 1324, 991, 104.532, 0
PixelHit 1325, 991, 140.97, 0
PixelHit 1326, 990, 130.939, 0
PixelHit 1327, 990, 161.019, 0
PixelHit 1327, 991, 102.854, 0
PixelHit 1328, 990, 182.437, 0
PixelHit 1328, 991, 97.7014, 0
PixelHit 1328, 992, 273.961, 0
PixelHit 1329, 990, 95.7043, 0
PixelHit 1329, 991, 405.181, 0
PixelHit 1329, 992, 324.658, 0
PixelHit 1330, 989, 162.336, 0
PixelHit 1330, 990, 259.475, 0
PixelHit 1330, 992, 130.075, 0
PixelHit 1332, 991, 67.9123, 0
PixelHit 1332, 992, 139.365, 0
PixelHit 1336, 990, 189.724, 0
PixelHit 1337, 992, 91.6922, 0
PixelHit 1337, 993, 49.6684, 0
PixelHit 1338, 992, 71.1917, 0
PixelHit 1339, 990, 146.66, 0
PixelHit 1339, 992, 180.498, 0
PixelHit 1340, 992, 112.933, 0
PixelHit 1341, 988, 178.294, 0
PixelHit 1341, 990, 58.5207, 0
PixelHit 1341, 991, 66.6556, 0
PixelHit 1344, 989, 153.571, 0
PixelHit 1346, 991, 99.7882, 0
PixelHit 1348, 990, 71.4386, 0
PixelHit 1348, 993, 58.5026, 0
PixelHit 1349, 990, 84.8964, 0
PixelHit 1351, 993, 144.882, 0
=== 13 ===
=== 14 ===
=== 15 ===
=== 16 ===
=== 17 ===
=== 18 ===
=== 19 ===
=== 20 ===
=== 21 ===
=== 22 ===
=== 23 ===
=== 24 ===
=== 25 ===
=== 26 ===
=== 27 ===
=== 28 ===
=== 29 ===
=== 30 ===
=== 31 ===
=== 32 ===
=== 33 ===
=== 34 ===
=== 35 ===
=== 36 ===
=== 37 ===
=== 38 ===
=== 39 ===
=== 40 ===
=== 41 ===
=== 42 ===
=== 43 ===
=== 44 ===
=== 45 ===
=== 46 ===
=== 47 ===
=== 48 ===
=== 49 ===
=== 50 ===
=== 51 ===
--- mydetector ---
PixelHit 536, 1887, 99.3137, 0
PixelHit 536, 1888, 157.972, 0
PixelHit 539, 1887, 215.997, 0
PixelHit 541, 1887, 126.96, 0
PixelHit 542, 1884, 129.236, 0
PixelHit 543, 1886, 55.3245, 0
PixelHit 544, 1885, 72.8583, 0
PixelHit 544, 1886, 80.3546, 0
PixelHit 545, 1884, 137.735, 0
PixelHit 545, 1885, 99.6834, 0
PixelHit 545, 1887, 72.4675, 0
PixelHit 546, 1884, 78.4695, 0
PixelHit 546, 1885, 160.181, 0
PixelHit 547, 1885, 125.543, 0
PixelHit 548, 1887, 55.1029, 0
PixelHit 551, 1884, 153.119, 0
PixelHit 552, 1885, 164.142, 0
PixelHit 553, 1885, 86.3512, 0
PixelHit 554, 1880, 87.2732, 0
PixelHit 554, 1883, 156.288, 0
PixelHit 555, 1882, 188.371, 0
PixelHit 556, 1883, 123.942, 0
PixelHit 557, 1883, 64.9173, 0
PixelHit 557, 1884, 66.8455, 0
PixelHit 557, 1885, 57.7932, 0
PixelHit 558, 1882, 226.008, 0
PixelHit 558, 1883, 74.8765, 0
PixelHit 559, 1884, 194.71, 0
PixelHit 560, 1883, 81.5765, 0
PixelHit 561, 1880, 98.9952, 0
PixelHit 562, 1881, 160.401, 0
PixelHit 562, 1883, 186.095, 0
PixelHit 566, 1878, 59.4875, 0
PixelHit 566, 1882, 165.712, 0
PixelHit 567, 1887, 66.6534, 0
PixelHit 569, 1881, 68.8764, 0
PixelHit 1292, 953, 138.54, 0
PixelHit 1293, 953, 161.342, 0
PixelHit 1293, 954, 79.1793, 0
PixelHit 1295, 953, 97.8947, 0
PixelHit 1297, 953, 77.5896, 0
PixelHit 1300, 953, 132.189, 0
PixelHit 1300, 954, 100.292, 0
PixelHit 1301, 952, 228.958, 0
PixelHit 1301, 953, 213.268, 0
PixelHit 1302, 953, 167.776, 0
PixelHit 1302, 954, 92.7107, 0
PixelHit 1303, 953, 116.011, 0
PixelHit 1303, 954, 107.754, 0
PixelHit 1304, 953, 65.5896, 0
PixelHit 1305, 951, 110.926, 0
PixelHit 1305, 953, 125.102, 0
PixelHit 1306, 952, 173.678, 0
PixelHit 1309, 952, 80.9413, 0
PixelHit 1309, 953, 145.466, 0
PixelHit 1309, 954, 58.8702, 0
PixelHit 1309, 955, 79.1504, 0
PixelHit 1310, 955, 86.5499, 0
PixelHit 1311, 952, 163.152, 0
PixelHit 1311, 954, 64.5022, 0
PixelHit 1312, 953, 97.7771, 0
PixelHit 1312, 955, 127.602, 0
PixelHit 1312, 956, 76.5032, 0
PixelHit 1313, 953, 193.152, 0
PixelHit 1313, 955, 55.6782, 0
PixelHit 1314, 952, 81.8064, 0
PixelHit 1315, 952, 334.404, 0
PixelHit 1317, 951, 205.036, 0
PixelHit 1317, 955, 82.925, 0
PixelHit 1318, 952, 70.395, 0
PixelHit 1318, 958, 184.466, 0
PixelHit 1322, 952, 130.749, 0
=== 52 ===
=== 53 ===
=== 54 ===
=== 55 ===
=== 56 ===
=== 57 ===
=== 58 ===
=== 59 ===
=== 60 ===
=== 61 ===
=== 62 ===
=== 63 ===
=== 64 ===
=== 65 ===
=== 66 ===
=== 67 ===
=== 68 ===
=== 69 ===
=== 70 ===
=== 71 ===
=== 72 ===
=== 73 ===
=== 74 ===
=== 75 ===
=== 76 ===
=== 77 ===
=== 78 ===
=== 79 ===
=== 80 ===
--- mydetector ---
PixelHit 1127, 628, 279.582, 0
PixelHit 1129, 628, 116.739, 0
PixelHit 1131, 627, 206.808, 0
PixelHit 1132, 629, 53.8856, 0
PixelHit 1135, 628, 54.5035, 0
PixelHit 1135, 629, 273.771, 0
PixelHit 1135, 630, 120.857, 0
PixelHit 1136, 629, 169.326, 0
PixelHit 1137, 629, 90.3562, 0
PixelHit 1138, 627, 104.126, 0
PixelHit 1138, 629, 194.428, 0
PixelHit 1139, 629, 134.442, 0
PixelHit 1139, 630, 460.357, 0
PixelHit 1139, 631, 139.868, 0
PixelHit 1140, 628, 135.357, 0
PixelHit 1140, 629, 163.916, 0
PixelHit 1140, 631, 102.812, 0
PixelHit 1140, 632, 137.258, 0
PixelHit 1141, 629, 124.168, 0
PixelHit 1143, 628, 356.396, 0
PixelHit 1143, 631, 252.387, 0
PixelHit 1145, 628, 221.259, 0
PixelHit 1145, 629, 179.275, 0
PixelHit 1145, 630, 154.195, 0
PixelHit 1146, 630, 59.2974, 0
PixelHit 1146, 631, 53.0811, 0
PixelHit 1146, 633, 148.922, 0
PixelHit 1147, 626, 232.42, 0
PixelHit 1147, 629, 69.9536, 0
PixelHit 1147, 630, 143.776, 0
PixelHit 1147, 631, 73.8835, 0
PixelHit 1148, 628, 216.951, 0
PixelHit 1148, 629, 237.668, 0
PixelHit 1148, 630, 270.212, 0
PixelHit 1148, 632, 150.972, 0
PixelHit 1149, 628, 59.3677, 0
PixelHit 1149, 629, 173.712, 0
PixelHit 1149, 630, 283.69, 0
PixelHit 1149, 631, 446.083, 0
PixelHit 1149, 632, 52.6864, 0
PixelHit 1150, 626, 90.776, 0
PixelHit 1150, 629, 168.65, 0
PixelHit 1150, 630, 256.1, 0
PixelHit 1150, 631, 179.785, 0
PixelHit 1150, 632, 64.9311, 0
PixelHit 1151, 628, 181.797, 0
PixelHit 1151, 629, 147.496, 0
PixelHit 1151, 630, 99.4093, 0
PixelHit 1151, 632, 51.1747, 0
PixelHit 1152, 630, 55.6771, 0
PixelHit 1152, 632, 147.562, 0
PixelHit 1153, 631, 282.679, 0
PixelHit 1154, 628, 241.399, 0
PixelHit 1154, 629, 113.289, 0
PixelHit 1157, 633, 287.314, 0
PixelHit 1164, 623, 65.4971, 0
PixelHit 1164, 628, 59.8626, 0
PixelHit 1169, 624, 77.6482, 0
PixelHit 1170, 624, 62.8862, 0
PixelHit 1170, 626, 129.607, 0
PixelHit 1404, 1129, 192.578, 0
PixelHit 1404, 1130, 228.305, 0
PixelHit 1406, 1129, 181.527, 0
PixelHit 1407, 1130, 267.398, 0
PixelHit 1408, 1129, 115.221, 0
PixelHit 1408, 1130, 55.949, 0
PixelHit 1409, 1129, 44.5754, 0
PixelHit 1409, 1130, 77.6493, 0
PixelHit 1410, 1129, 97.7606, 0
PixelHit 1411, 1130, 334.796, 0
PixelHit 1411, 1132, 184.945, 0
PixelHit 1412, 1127, 132.161, 0
PixelHit 1412, 1128, 164.487, 0
PixelHit 1412, 1129, 173.625, 0
PixelHit 1412, 1130, 347.819, 0
PixelHit 1412, 1131, 516.4, 0
PixelHit 1413, 1127, 99.367, 0
PixelHit 1413, 1128, 236.546, 0
PixelHit 1413, 1129, 407.622, 0
PixelHit 1413, 1130, 830.547, 0
PixelHit 1413, 1131, 390.219, 0
PixelHit 1414, 1129, 242.163, 0
PixelHit 1414, 1130, 274.527, 0
PixelHit 1415, 1130, 146.764, 0
PixelHit 1417, 1128, 153.751, 0
PixelHit 1417, 1130, 57.9215, 0
PixelHit 1418, 1127, 182.101, 0
PixelHit 1418, 1130, 100.246, 0
PixelHit 1420, 1128, 119.108, 0
PixelHit 1421, 1133, 81.481, 0
PixelHit 1422, 1128, 70.4805, 0
PixelHit 1422, 1129, 140.91, 0
PixelHit 1423, 1128, 234.79, 0
PixelHit 1424, 1130, 151.509, 0
PixelHit 1424, 1132, 124.064, 0
PixelHit 1425, 1128, 50.3059, 0
PixelHit 1426, 1129, 150.742, 0
PixelHit 1428, 1128, 175.292, 0
PixelHit 1428, 1129, 92.2492, 0
PixelHit 1428, 1130, 98.1443, 0
PixelHit 1428, 1131, 254.024, 0
PixelHit 1429, 1124, 280.328, 0
PixelHit 1429, 1127, 126.282, 0
PixelHit 1429, 1128, 220.424, 0
PixelHit 1429, 1129, 186.816, 0
PixelHit 1429, 1132, 75.132, 0
PixelHit 1429, 1133, 272.594, 0
PixelHit 1430, 1126, 156.002, 0
PixelHit 1432, 1129, 121.226, 0
=== 81 ===
=== 82 ===
=== 83 ===
=== 84 ===
=== 85 ===
=== 86 ===
=== 87 ===
=== 88 ===
=== 89 ===
=== 90 ===
=== 91 ===
=== 92 ===
=== 93 ===
=== 94 ===
=== 95 ===
=== 96 ===
=== 97 ===
=== 98 ===
=== 99 ===
=== 100 ===
# 323 objects from 4 messages
