# Allpix Squared ASCII data - https://cern.ch/allpix-squared

=== 1 ===
=== 2 ===
=== 3 ===
=== 4 ===
=== 5 ===
=== 6 ===
=== 7 ===
=== 8 ===
=== 9 ===
=== 10 ===
=== 11 ===
=== 12 ===
=== 13 ===
=== 14 ===
=== 15 ===
=== 16 ===
=== 17 ===
=== 18 ===
=== 19 ===
=== 20 ===
=== 21 ===
=== 22 ===
=== 23 ===
--- mydetector ---
PixelHit 1275, 983, 110.989, 0
PixelHit 1276, 970, 152.491, 0
PixelHit 1277, 983, 185.626, 0
PixelHit 1279, 983, 137.692, 0
PixelHit 1280, 982, 147.939, 0
PixelHit 1280, 983, 269.959, 0
PixelHit 1281, 969, 131.892, 0
PixelHit 1281, 970, 183.929, 0
PixelHit 1281, 982, 272.456, 0
PixelHit 1281, 983, 204.34, 0
PixelHit 1281, 984, 225.234, 0
PixelHit 1282, 969, 84.3394, 0
PixelHit 1282, 970, 156.569, 0
PixelHit 1282, 983, 118.949, 0
PixelHit 1282, 984, 217.895, 0
PixelHit 1283, 969, 89.7479, 0
PixelHit 1284, 970, 153.26, 0
PixelHit 1285, 969, 78.1786, 0
PixelHit 1285, 970, 123.245, 0
PixelHit 1285, 982, 50.1675, 0
PixelHit 1286, 970, 200.323, 0
PixelHit 1286, 982, 203.77, 0
PixelHit 1287, 970, 73.5553, 0
PixelHit 1287, 971, 101.18, 0
PixelHit 1287, 982, 82.0199, 0
PixelHit 1287, 983, 67.5616, 0
PixelHit 1287, 984, 176.332, 0
PixelHit 1288, 983, 101.771, 0
PixelHit 1288, 984, 145.397, 0
PixelHit 1289, 969, 85.1103, 0
PixelHit 1289, 981, 97.9842, 0
PixelHit 1289, 983, 217.793, 0
PixelHit 1290, 970, 137.178, 0
PixelHit 1290, 981, 169.44, 0
PixelHit 1290, 982, 99.7903, 0
PixelHit 1290, 983, 259.562, 0
PixelHit 1291, 969, 78.2873, 0
PixelHit 1291, 970, 242.64, 0
PixelHit 1291, 971, 275.842, 0
PixelHit 1291, 982, 218.73, 0
PixelHit 1291, 983, 135.611, 0
PixelHit 1292, 967, 82.8992, 0
PixelHit 1292, 984, 83.7358, 0
PixelHit 1293, 969, 150.808, 0
PixelHit 1293, 971, 258.023, 0
PixelHit 1293, 983, 87.15, 0
PixelHit 1294, 969, 112.171, 0
PixelHit 1294, 970, 141.59, 0
PixelHit 1294, 983, 128.728, 0
PixelHit 1294, 984, 151.752, 0
PixelHit 1295, 969, 149.787, 0
PixelHit 1295, 971, 45.8693, 0
PixelHit 1295, 983, 93.3718, 0
PixelHit 1296, 982, 147.663, 0
PixelHit 1297, 969, 119.61, 0
PixelHit 1297, 982, 57.5206, 0
PixelHit 1298, 971, 380.535, 0
PixelHit 1299, 970, 166.709, 0
PixelHit 1299, 983, 138.428, 0
PixelHit 1300, 982, 223.91, 0
PixelHit 1301, 970, 53.8723, 0
PixelHit 1301, 983, 61.2229, 0
PixelHit 1302, 983, 112.705, 0
PixelHit 1303, 969, 163.286, 0
PixelHit 1304, 981, 210.102, 0
PixelHit 1304, 984, 107.917, 0
PixelHit 1305, 971, 120.993, 0
PixelHit 1305, 982, 72.778, 0
PixelHit 1305, 983, 122.589, 0
PixelHit 1306, 969, 230.884, 0
PixelHit 1306, 971, 88.5374, 0
PixelHit 1306, 973, 71.4332, 0
PixelHit 1306, 981, 179.289, 0
PixelHit 1306, 983, 189.957, 0
PixelHit 1307, 984, 54.3549, 0
PixelHit 1308, 970, 240.778, 0
PixelHit 1308, 981, 135.489, 0
PixelHit 1311, 982, 113.273, 0
PixelHit 1312, 970, 143.913, 0
PixelHit 1312, 982, 91.703, 0
PixelHit 1313, 970, 108.295, 0
PixelHit 1313, 984, 159.816, 0
PixelHit 1314, 971, 73.6785, 0
PixelHit 1314, 982, 151.766, 0
PixelHit 1314, 984, 64.6122, 0
PixelHit 1315, 982, 165.183, 0
PixelHit 1317, 970, 241.512, 0
PixelHit 1317, 984, 190.526, 0
PixelHit 1318, 970, 94.2886, 0
PixelHit 1318, 982, 75.7373, 0
PixelHit 1319, 971, 80.286, 0
PixelHit 1320, 971, 70.1347, 0
PixelHit 1320, 980, 97.3601, 0
PixelHit 1321, 970, 60.3504, 0
PixelHit 1321, 981, 288.314, 0
PixelHit 1322, 967, 69.5346, 0
PixelHit 1322, 968, 107.009, 0
PixelHit 1322, 972, 85.1265, 0
PixelHit 1322, 980, 88.0057, 0
PixelHit 1322, 981, 101.431, 0
PixelHit 1322, 983, 164.756, 0
PixelHit 1323, 970, 177.22, 0
PixelHit 1323, 971, 199.79, 0
PixelHit 1323, 982, 127.982, 0
PixelHit 1324, 969, 296.136, 0
PixelHit 1324, 970, 110.493, 0
PixelHit 1324, 977, 61.5919, 0
PixelHit 1324, 979, 101.349, 0
PixelHit 1324, 983, 48.8382, 0
PixelHit 1325, 968, 47.0779, 0
PixelHit 1325, 983, 165.72, 0
PixelHit 1326, 983, 83.2285, 0
PixelHit 1327, 984, 173.902, 0
=== 24 ===
=== 25 ===
=== 26 ===
=== 27 ===
=== 28 ===
=== 29 ===
=== 30 ===
--- mydetector ---
PixelHit 1273, 971, 54.1906, 0
PixelHit 1273, 972, 133.156, 0
PixelHit 1274, 972, 212.595, 0
PixelHit 1276, 972, 149.282, 0
PixelHit 1277, 971, 101.94, 0
PixelHit 1278, 972, 163.943, 0
PixelHit 1279, 971, 282.498, 0
PixelHit 1280, 972, 167.78, 0
PixelHit 1281, 971, 129.483, 0
PixelHit 1281, 972, 54.986, 0
PixelHit 1282, 972, 153.543, 0
PixelHit 1282, 973, 212.45, 0
PixelHit 1283, 972, 44.8038, 0
PixelHit 1284, 972, 157.012, 0
PixelHit 1285, 972, 52.6434, 0
PixelHit 1289, 972, 55.7971, 0
PixelHit 1290, 970, 47.7824, 0
PixelHit 1291, 971, 116.139, 0
PixelHit 1292, 971, 142.075, 0
PixelHit 1292, 972, 134.419, 0
PixelHit 1292, 973, 67.8527, 0
PixelHit 1293, 970, 157.632, 0
PixelHit 1296, 974, 60.3213, 0
PixelHit 1298, 970, 103.826, 0
PixelHit 1298, 971, 94.3436, 0
PixelHit 1298, 973, 170.16, 0
PixelHit 1300, 972, 73.5921, 0
PixelHit 1305, 971, 212.361, 0
PixelHit 1306, 969, 241.32, 0
PixelHit 1306, 972, 63.1171, 0
PixelHit 1307, 970, 61.0198, 0
PixelHit 1307, 973, 73.2443, 0
PixelHit 1308, 971, 54.4559, 0
PixelHit 1308, 974, 81.5054, 0
PixelHit 1310, 971, 241.838, 0
PixelHit 1311, 973, 122.661, 0
PixelHit 1311, 974, 49.8261, 0
PixelHit 1313, 971, 94.1357, 0
PixelHit 1313, 972, 90.1144, 0
PixelHit 1316, 973, 61.8382, 0
PixelHit 1317, 972, 144.719, 0
PixelHit 1318, 969, 64.5935, 0
PixelHit 1318, 973, 103.08, 0
PixelHit 1319, 970, 68.5686, 0
PixelHit 1319, 971, 182.964, 0
PixelHit 1319, 972, 113.61, 0
PixelHit 1319, 973, 72.2247, 0
PixelHit 1319, 974, 155.855, 0
PixelHit 1320, 975, 115.342, 0
PixelHit 1321, 970, 155.401, 0
PixelHit 1321, 971, 80.334, 0
PixelHit 1321, 974, 205.561, 0
PixelHit 1321, 975, 64.8616, 0
PixelHit 1322, 974, 84.5487, 0
PixelHit 1627, 880, 110.284, 0
PixelHit 1632, 879, 189.183, 0
PixelHit 1633, 880, 256.893, 0
PixelHit 1633, 882, 138.618, 0
PixelHit 1634, 878, 110.58, 0
PixelHit 1634, 880, 129.054, 0
PixelHit 1634, 881, 97.2327, 0
PixelHit 1635, 879, 161.323, 0
PixelHit 1635, 880, 352.549, 0
PixelHit 1635, 881, 123.944, 0
PixelHit 1636, 879, 105.501, 0
PixelHit 1636, 880, 353.708, 0
PixelHit 1636, 881, 145.344, 0
PixelHit 1637, 881, 48.461, 0
PixelHit 1639, 879, 175.3, 0
PixelHit 1639, 880, 53.4625, 0
PixelHit 1640, 879, 89.5301, 0
PixelHit 1640, 881, 146.666, 0
PixelHit 1641, 878, 161.865, 0
PixelHit 1641, 880, 96.0004, 0
PixelHit 1641, 881, 89.6437, 0
PixelHit 1642, 880, 231.432, 0
PixelHit 1643, 881, 55.3592, 0
PixelHit 1644, 881, 118.055, 0
PixelHit 1645, 880, 117.694, 0
PixelHit 1645, 882, 88.0711, 0
PixelHit 1646, 880, 58.5448, 0
PixelHit 1646, 881, 61.0592, 0
PixelHit 1647, 880, 278.3, 0
PixelHit 1648, 882, 83.2502, 0
PixelHit 1653, 881, 52.7483, 0
PixelHit 1653, 882, 179.155, 0
PixelHit 1655, 881, 67.6342, 0
PixelHit 1656, 879, 70.0171, 0
PixelHit 1657, 881, 80.0135, 0
PixelHit 1659, 880, 74.7879, 0
PixelHit 1660, 881, 98.2178, 0
PixelHit 1660, 882, 145.227, 0
PixelHit 1662, 883, 72.3455, 0
PixelHit 1664, 878, 68.6005, 0
PixelHit 1665, 879, 183.097, 0
PixelHit 1665, 883, 162.88, 0
PixelHit 1666, 880, 70.1296, 0
PixelHit 1669, 882, 57.7615, 0
PixelHit 1670, 881, 117.411, 0
PixelHit 1670, 883, 222.864, 0
PixelHit 1672, 880, 86.2545, 0
=== 31 ===
=== 32 ===
=== 33 ===
--- mydetector ---
PixelHit 1268, 974, 83.6664, 0
PixelHit 1269, 974, 173.705, 0
PixelHit 1272, 974, 130.699, 0
PixelHit 1274, 974, 127.924, 0
PixelHit 1277, 974, 223.32, 0
PixelHit 1278, 972, 322.018, 0
PixelHit 1278, 974, 210.406, 0
PixelHit 1279, 972, 98.7617, 0
PixelHit 1279, 973, 155.091, 0
PixelHit 1279, 974, 51.2772, 0
PixelHit 1279, 977, 82.7087, 0
PixelHit 1280, 974, 195.446, 0
PixelHit 1280, 976, 85.5884, 0
PixelHit 1281, 974, 249.939, 0
PixelHit 1281, 976, 121.414, 0
PixelHit 1282, 974, 54.1569, 0
PixelHit 1282, 976, 413.521, 0
PixelHit 1283, 975, 121.175, 0
PixelHit 1284, 975, 78.9419, 0
PixelHit 1285, 973, 51.9834, 0
PixelHit 1285, 975, 61.2647, 0
PixelHit 1285, 976, 265.694, 0
PixelHit 1287, 977, 130.876, 0
PixelHit 1289, 975, 193.279, 0
PixelHit 1291, 974, 77.0535, 0
PixelHit 1291, 975, 170.945, 0
PixelHit 1292, 971, 147.297, 0
PixelHit 1292, 975, 206.746, 0
PixelHit 1293, 973, 164.01, 0
PixelHit 1293, 974, 224.949, 0
PixelHit 1293, 976, 197.861, 0
PixelHit 1294, 972, 48.0223, 0
PixelHit 1294, 973, 221.701, 0
PixelHit 1294, 974, 389.791, 0
PixelHit 1295, 973, 48.5389, 0
PixelHit 1296, 973, 146.37, 0
PixelHit 1296, 974, 260.669, 0
PixelHit 1297, 973, 102.336, 0
PixelHit 1297, 975, 72.9286, 0
PixelHit 1297, 977, 57.4715, 0
PixelHit 1299, 973, 147.387, 0
PixelHit 1299, 974, 105.372, 0
PixelHit 1299, 976, 128.405, 0
PixelHit 1300, 972, 74.7332, 0
PixelHit 1300, 974, 86.7052, 0
PixelHit 1300, 976, 117.341, 0
PixelHit 1301, 973, 58.2397, 0
PixelHit 1301, 974, 133.459, 0
PixelHit 1302, 973, 61.5337, 0
PixelHit 1303, 975, 128.494, 0
PixelHit 1304, 975, 212.732, 0
PixelHit 1304, 977, 62.8667, 0
PixelHit 1305, 973, 75.0137, 0
PixelHit 1306, 973, 112.629, 0
PixelHit 1306, 974, 57.9106, 0
PixelHit 1307, 974, 83.0947, 0
PixelHit 1307, 975, 135.955, 0
PixelHit 1307, 976, 77.1176, 0
PixelHit 1308, 975, 114.732, 0
PixelHit 1308, 976, 55.9912, 0
PixelHit 1308, 977, 220.553, 0
PixelHit 1309, 975, 56.8291, 0
PixelHit 1309, 977, 215.253, 0
PixelHit 1310, 974, 46.8045, 0
PixelHit 1311, 973, 206.825, 0
PixelHit 1311, 975, 203.297, 0
PixelHit 1311, 976, 199.533, 0
PixelHit 1311, 977, 55.9678, 0
PixelHit 1311, 978, 241.048, 0
PixelHit 1312, 973, 132.51, 0
PixelHit 1313, 973, 149.816, 0
PixelHit 1313, 974, 312.797, 0
PixelHit 1314, 971, 63.485, 0
PixelHit 1314, 972, 203.208, 0
PixelHit 1314, 975, 109.733, 0
PixelHit 1314, 977, 104.311, 0
PixelHit 1315, 977, 199.495, 0
PixelHit 1316, 976, 161.228, 0
PixelHit 1316, 977, 128.996, 0
PixelHit 1317, 972, 142.021, 0
PixelHit 1317, 973, 211.108, 0
PixelHit 1317, 974, 75.1301, 0
PixelHit 1317, 975, 64.7432, 0
PixelHit 1318, 976, 113.04, 0
PixelHit 1319, 974, 124.32, 0
PixelHit 1319, 976, 212.216, 0
PixelHit 1320, 973, 232.17, 0
PixelHit 1320, 977, 121.077, 0
PixelHit 1321, 976, 202.947, 0
PixelHit 1323, 976, 93.814, 0
PixelHit 1329, 976, 101.152, 0
=== 34 ===
=== 35 ===
=== 36 ===
=== 37 ===
=== 38 ===
=== 39 ===
=== 40 ===
=== 41 ===
=== 42 ===
=== 43 ===
=== 44 ===
=== 45 ===
=== 46 ===
=== 47 ===
=== 48 ===
=== 49 ===
=== 50 ===
=== 51 ===
=== 52 ===
=== 53 ===
=== 54 ===
=== 55 ===
=== 56 ===
=== 57 ===
=== 58 ===
=== 59 ===
=== 60 ===
=== 61 ===
=== 62 ===
=== 63 ===
=== 64 ===
=== 65 ===
=== 66 ===
=== 67 ===
=== 68 ===
=== 69 ===
--- mydetector ---
PixelHit 1202, 1008, 103.347, 0
PixelHit 1204, 1008, 46.485, 0
PixelHit 1205, 1008, 190.347, 0
PixelHit 1206, 1007, 108.904, 0
PixelHit 1208, 1007, 120.72, 0
PixelHit 1208, 1008, 288.223, 0
PixelHit 1209, 1008, 125.883, 0
PixelHit 1210, 1008, 114.53, 0
PixelHit 1211, 1007, 154.534, 0
PixelHit 1211, 1008, 79.1532, 0
PixelHit 1212, 1007, 147.64, 0
PixelHit 1213, 1008, 215.307, 0
PixelHit 1214, 1008, 89.0888, 0
PixelHit 1215, 1006, 115.557, 0
PixelHit 1215, 1009, 130.851, 0
PixelHit 1217, 1009, 76.1685, 0
PixelHit 1221, 1009, 70.1009, 0
PixelHit 1222, 1007, 105.056, 0
PixelHit 1222, 1008, 208.19, 0
PixelHit 1223, 1006, 102.671, 0
PixelHit 1224, 1009, 228.844, 0
PixelHit 1225, 1008, 139.913, 0
PixelHit 1226, 1007, 47.3216, 0
PixelHit 1226, 1009, 122.264, 0
PixelHit 1228, 1007, 123.731, 0
PixelHit 1228, 1008, 206.471, 0
PixelHit 1229, 1007, 112.546, 0
PixelHit 1232, 1007, 74.7068, 0
PixelHit 1233, 1006, 83.967, 0
PixelHit 1233, 1008, 116.324, 0
PixelHit 1233, 1009, 160.653, 0
PixelHit 1234, 1006, 126.944, 0
PixelHit 1234, 1007, 135.9, 0
PixelHit 1234, 1008, 83.3642, 0
PixelHit 1235, 1007, 73.649, 0
PixelHit 1235, 1010, 345.712, 0
PixelHit 1236, 1007, 83.908, 0
PixelHit 1236, 1008, 97.9039, 0
PixelHit 1237, 1008, 179.138, 0
PixelHit 1238, 1006, 154.285, 0
PixelHit 1238, 1007, 73.2976, 0
PixelHit 1239, 1005, 90.9319, 0
PixelHit 1239, 1007, 187.836, 0
PixelHit 1239, 1008, 70.2678, 0
PixelHit 1240, 1006, 172.576, 0
PixelHit 1241, 1004, 142.077, 0
PixelHit 1241, 1005, 95.0704, 0
PixelHit 1241, 1006, 123.614, 0
PixelHit 1241, 1008, 155.939, 0
PixelHit 1241, 1009, 207.89, 0
PixelHit 1241, 1010, 244.464, 0
PixelHit 1242, 1005, 70.93, 0
PixelHit 1242, 1006, 60.8873, 0
PixelHit 1242, 1007, 63.1937, 0
PixelHit 1242, 1008, 142.111, 0
PixelHit 1242, 1009, 280.419, 0
PixelHit 1243, 1006, 151.399, 0
PixelHit 1243, 1007, 145.025, 0
PixelHit 1243, 1008, 132.04, 0
PixelHit 1244, 1008, 134.96, 0
PixelHit 1244, 1009, 74.3908, 0
PixelHit 1245, 1008, 81.5949, 0
PixelHit 1245, 1009, 61.5964, 0
PixelHit 1246, 1010, 153.93, 0
PixelHit 1247, 1005, 132.175, 0
PixelHit 1248, 1005, 142.579, 0
PixelHit 1249, 1008, 104.845, 0
PixelHit 1249, 1009, 283.345, 0
PixelHit 1250, 1007, 48.1907, 0
PixelHit 1254, 1011, 130.899, 0
PixelHit 1263, 971, 280.033, 0
PixelHit 1265, 970, 125.917, 0
PixelHit 1267, 970, 67.1433, 0
PixelHit 1268, 971, 81.0763, 0
PixelHit 1269, 971, 122.766, 0
PixelHit 1270, 971, 180.179, 0
PixelHit 1272, 971, 91.4735, 0
PixelHit 1273, 970, 67.5976, 0
PixelHit 1274, 972, 142.157, 0
PixelHit 1276, 972, 130.847, 0
PixelHit 1278, 972, 359.017, 0
PixelHit 1279, 971, 122.352, 0
PixelHit 1279, 972, 207.058, 0
PixelHit 1279, 973, 138.504, 0
PixelHit 1280, 970, 155.626, 0
PixelHit 1280, 971, 237.833, 0
PixelHit 1281, 971, 105.739, 0
PixelHit 1281, 972, 358.439, 0
PixelHit 1282, 970, 112.704, 0
PixelHit 1282, 972, 163.352, 0
PixelHit 1282, 973, 122.272, 0
PixelHit 1283, 969, 250.194, 0
PixelHit 1283, 970, 250.907, 0
PixelHit 1283, 971, 202.959, 0
PixelHit 1283, 972, 73.4304, 0
PixelHit 1284, 969, 280.482, 0
PixelHit 1284, 971, 93.9033, 0
PixelHit 1284, 972, 68.9678, 0
PixelHit 1285, 974, 272.928, 0
PixelHit 1286, 970, 168.114, 0
PixelHit 1286, 973, 81.2392, 0
PixelHit 1289, 970, 89.0649, 0
PixelHit 1290, 970, 63.4252, 0
PixelHit 1291, 969, 56.7554, 0
PixelHit 1293, 972, 98.9719, 0
PixelHit 1294, 970, 160.589, 0
PixelHit 1297, 972, 123.398, 0
PixelHit 1298, 968, 58.798, 0
PixelHit 1299, 970, 49.2176, 0
PixelHit 1299, 971, 70.2935, 0
PixelHit 1299, 972, 148.981, 0
PixelHit 1299, 973, 130.468, 0
PixelHit 1300, 972, 60.1892, 0
PixelHit 1301, 975, 105.928, 0
PixelHit 1302, 972, 313.044, 0
PixelHit 1302, 973, 86.3986, 0
PixelHit 1303, 974, 166.835, 0
PixelHit 1305, 971, 227.882, 0
PixelHit 1306, 968, 266.228, 0
PixelHit 1306, 971, 187.948, 0
PixelHit 1307, 969, 190.854, 0
PixelHit 1307, 970, 63.1148, 0
PixelHit 1309, 972, 76.7382, 0
PixelHit 1313, 970, 69.1193, 0
PixelHit 1313, 971, 77.0674, 0
=== 70 ===
=== 71 ===
=== 72 ===
=== 73 ===
=== 74 ===
=== 75 ===
=== 76 ===
--- mydetector ---
PixelHit 1265, 974, 135.235, 0
PixelHit 1265, 975, 118.073, 0
PixelHit 1266, 920, 82.3568, 0
PixelHit 1266, 974, 91.5796, 0
PixelHit 1267, 920, 97.3364, 0
PixelHit 1267, 921, 71.7123, 0
PixelHit 1268, 974, 84.5608, 0
PixelHit 1268, 975, 120.245, 0
PixelHit 1269, 921, 48.5315, 0
PixelHit 1269, 922, 138.755, 0
PixelHit 1270, 920, 97.2458, 0
PixelHit 1271, 920, 115.403, 0
PixelHit 1273, 920, 56.1166, 0
PixelHit 1273, 974, 225.958, 0
PixelHit 1274, 920, 193.783, 0
PixelHit 1275, 920, 134.192, 0
PixelHit 1275, 974, 190.252, 0
PixelHit 1276, 921, 139.025, 0
PixelHit 1278, 974, 70.5478, 0
PixelHit 1278, 975, 192.194, 0
PixelHit 1279, 974, 98.9589, 0
PixelHit 1279, 975, 116.566, 0
PixelHit 1280, 974, 322.331, 0
PixelHit 1280, 975, 200.11, 0
PixelHit 1280, 977, 89.4451, 0
PixelHit 1281, 973, 246.82, 0
PixelHit 1281, 974, 58.9505, 0
PixelHit 1281, 975, 99.2152, 0
PixelHit 1282, 919, 132.683, 0
PixelHit 1282, 921, 151.093, 0
PixelHit 1282, 922, 155.326, 0
PixelHit 1282, 974, 61.5506, 0
PixelHit 1283, 920, 96.3259, 0
PixelHit 1283, 922, 136.236, 0
PixelHit 1283, 975, 118.031, 0
PixelHit 1284, 921, 120.431, 0
PixelHit 1284, 975, 277.124, 0
PixelHit 1285, 972, 92.7442, 0
PixelHit 1285, 973, 131.919, 0
PixelHit 1285, 974, 450.31, 0
PixelHit 1285, 975, 245.061, 0
PixelHit 1285, 976, 191.867, 0
PixelHit 1286, 972, 82.2107, 0
PixelHit 1286, 974, 544.166, 0
PixelHit 1286, 975, 639.981, 0
PixelHit 1286, 976, 147.365, 0
PixelHit 1287, 972, 242.704, 0
PixelHit 1287, 973, 182.128, 0
PixelHit 1287, 974, 278.532, 0
PixelHit 1287, 975, 351.559, 0
PixelHit 1287, 977, 206.867, 0
PixelHit 1288, 973, 178.186, 0
PixelHit 1288, 974, 190.136, 0
PixelHit 1288, 975, 120.643, 0
PixelHit 1288, 976, 157.264, 0
PixelHit 1289, 919, 103.269, 0
PixelHit 1289, 920, 76.9367, 0
PixelHit 1289, 973, 135.706, 0
PixelHit 1289, 975, 187.75, 0
PixelHit 1290, 919, 101.276, 0
PixelHit 1290, 975, 177.524, 0
PixelHit 1292, 919, 204.445, 0
PixelHit 1292, 974, 214.811, 0
PixelHit 1292, 976, 59.5194, 0
PixelHit 1293, 921, 160.735, 0
PixelHit 1293, 974, 140.136, 0
PixelHit 1294, 919, 189.655, 0
PixelHit 1294, 922, 81.2312, 0
PixelHit 1294, 975, 93.4766, 0
PixelHit 1295, 922, 104.299, 0
PixelHit 1295, 923, 67.7761, 0
PixelHit 1295, 973, 102.666, 0
PixelHit 1296, 921, 58.1621, 0
PixelHit 1297, 920, 114.093, 0
PixelHit 1297, 973, 150.092, 0
PixelHit 1299, 921, 55.2432, 0
PixelHit 1299, 922, 278.696, 0
PixelHit 1299, 972, 105.81, 0
PixelHit 1299, 976, 331.924, 0
PixelHit 1300, 975, 102.948, 0
PixelHit 1301, 974, 181.594, 0
PixelHit 1302, 922, 111.286, 0
PixelHit 1302, 924, 85.1918, 0
PixelHit 1302, 973, 150.81, 0
PixelHit 1304, 923, 134.354, 0
PixelHit 1305, 920, 42.245, 0
PixelHit 1306, 920, 94.3763, 0
PixelHit 1306, 922, 62.4813, 0
PixelHit 1307, 919, 71.5079, 0
PixelHit 1307, 977, 125.23, 0
PixelHit 1308, 919, 81.565, 0
PixelHit 1308, 921, 173.878, 0
PixelHit 1308, 974, 81.1341, 0
PixelHit 1309, 921, 310.227, 0
PixelHit 1309, 978, 153.85, 0
PixelHit 1310, 921, 86.0761, 0
PixelHit 1310, 923, 77.0768, 0
PixelHit 1312, 923, 70.338, 0
PixelHit 1313, 924, 52.6673, 0
PixelHit 1313, 974, 151.679, 0
PixelHit 1313, 975, 56.8725, 0
PixelHit 1313, 978, 282.885, 0
PixelHit 1314, 920, 90.6451, 0
PixelHit 1314, 923, 171.662, 0
PixelHit 1314, 924, 115.301, 0
PixelHit 1316, 922, 138.228, 0
=== 77 ===
=== 78 ===
=== 79 ===
=== 80 ===
=== 81 ===
=== 82 ===
=== 83 ===
--- mydetector ---
PixelHit 1270, 970, 171.944, 0
PixelHit 1272, 971, 135.75, 0
PixelHit 1274, 971, 247.994, 0
PixelHit 1275, 970, 201.862, 0
PixelHit 1275, 971, 200.338, 0
PixelHit 1275, 972, 236.362, 0
PixelHit 1277, 970, 157.836, 0
PixelHit 1277, 971, 62.5346, 0
PixelHit 1279, 971, 82.5592, 0
PixelHit 1279, 972, 297.471, 0
PixelHit 1280, 972, 117.45, 0
PixelHit 1281, 971, 64.3524, 0
PixelHit 1282, 970, 155.855, 0
PixelHit 1282, 972, 130.407, 0
PixelHit 1283, 970, 118.341, 0
PixelHit 1283, 971, 163.453, 0
PixelHit 1284, 971, 54.0192, 0
PixelHit 1285, 971, 50.6085, 0
PixelHit 1286, 970, 95.293, 0
PixelHit 1286, 971, 56.4858, 0
PixelHit 1288, 970, 244.328, 0
PixelHit 1288, 971, 72.6845, 0
PixelHit 1288, 972, 91.2467, 0
PixelHit 1290, 970, 178.635, 0
PixelHit 1290, 971, 126.766, 0
PixelHit 1290, 972, 230.131, 0
PixelHit 1290, 973, 128.98, 0
PixelHit 1292, 969, 104.672, 0
PixelHit 1292, 970, 133.29, 0
PixelHit 1292, 971, 82.8286, 0
PixelHit 1292, 972, 110.367, 0
PixelHit 1293, 971, 76.8156, 0
PixelHit 1294, 969, 107.066, 0
PixelHit 1294, 970, 139.258, 0
PixelHit 1294, 971, 166.684, 0
PixelHit 1294, 972, 199.717, 0
PixelHit 1295, 969, 111.064, 0
PixelHit 1295, 972, 83.0608, 0
PixelHit 1295, 973, 207.501, 0
PixelHit 1296, 971, 193.882, 0
PixelHit 1296, 972, 80.0058, 0
PixelHit 1297, 971, 166.48, 0
PixelHit 1299, 970, 144.765, 0
PixelHit 1300, 971, 180.613, 0
PixelHit 1300, 973, 257.327, 0
PixelHit 1301, 971, 57.8751, 0
PixelHit 1301, 972, 87.9794, 0
PixelHit 1302, 971, 222.811, 0
PixelHit 1302, 975, 63.1328, 0
PixelHit 1303, 968, 218.044, 0
PixelHit 1303, 970, 54.9452, 0
PixelHit 1304, 969, 187.659, 0
PixelHit 1304, 972, 67.9769, 0
PixelHit 1305, 970, 116.677, 0
PixelHit 1306, 971, 49.4755, 0
PixelHit 1307, 969, 95.82, 0
PixelHit 1307, 970, 161.262, 0
PixelHit 1307, 972, 81.2093, 0
PixelHit 1308, 970, 114.648, 0
PixelHit 1308, 971, 72.6366, 0
PixelHit 1308, 972, 119.948, 0
PixelHit 1308, 973, 257.011, 0
PixelHit 1309, 970, 274.661, 0
PixelHit 1309, 972, 139.079, 0
PixelHit 1309, 973, 142.783, 0
PixelHit 1310, 969, 181.244, 0
PixelHit 1310, 970, 156.325, 0
PixelHit 1310, 972, 102.196, 0
PixelHit 1311, 971, 167.727, 0
PixelHit 1311, 973, 72.0208, 0
PixelHit 1312, 969, 58.2684, 0
PixelHit 1312, 971, 57.639, 0
PixelHit 1312, 973, 114.413, 0
PixelHit 1312, 975, 166.445, 0
PixelHit 1313, 971, 246.216, 0
PixelHit 1314, 973, 117.422, 0
PixelHit 1315, 968, 165.08, 0
PixelHit 1315, 970, 282.753, 0
PixelHit 1316, 968, 81.1155, 0
PixelHit 1316, 970, 109.085, 0
PixelHit 1316, 971, 119.153, 0
PixelHit 1316, 974, 142.621, 0
PixelHit 1317, 970, 63.1451, 0
PixelHit 1317, 971, 100.775, 0
PixelHit 1317, 975, 136.775, 0
PixelHit 1318, 970, 70.1823, 0
PixelHit 1318, 972, 305.095, 0
PixelHit 1319, 968, 115.896, 0
PixelHit 1319, 970, 49.0632, 0
PixelHit 1319, 971, 88.9443, 0
PixelHit 1320, 971, 90.5173, 0
PixelHit 1320, 972, 113.252, 0
PixelHit 1322, 971, 118.502, 0
PixelHit 1329, 973, 162.322, 0
=== 84 ===
=== 85 ===
=== 86 ===
=== 87 ===
=== 88 ===
=== 89 ===
=== 90 ===
=== 91 ===
=== 92 ===
=== 93 ===
=== 94 ===
=== 95 ===
=== 96 ===
=== 97 ===
=== 98 ===
=== 99 ===
=== 100 ===
# 630 objects from 6 messages
