# Allpix Squared ASCII data - https://cern.ch/allpix-squared

=== 1 ===
=== 2 ===
=== 3 ===
=== 4 ===
=== 5 ===
=== 6 ===
=== 7 ===
=== 8 ===
=== 9 ===
=== 10 ===
=== 11 ===
=== 12 ===
=== 13 ===
=== 14 ===
=== 15 ===
=== 16 ===
=== 17 ===
=== 18 ===
=== 19 ===
=== 20 ===
=== 21 ===
=== 22 ===
=== 23 ===
--- mydetector ---
PixelHit 1282, 968, 239.27, 0
PixelHit 1285, 968, 95.2714, 0
PixelHit 1286, 968, 61.3402, 0
PixelHit 1287, 968, 292.871, 0
PixelHit 1287, 969, 173.197, 0
PixelHit 1288, 967, 95.4919, 0
PixelHit 1288, 968, 62.7874, 0
PixelHit 1289, 968, 231.845, 0
PixelHit 1289, 969, 340.82, 0
PixelHit 1290, 968, 104.05, 0
PixelHit 1291, 968, 104.288, 0
PixelHit 1292, 967, 128.325, 0
PixelHit 1292, 968, 81.8246, 0
PixelHit 1294, 968, 244.107, 0
PixelHit 1300, 969, 191.981, 0
PixelHit 1301, 969, 56.3497, 0
PixelHit 1303, 966, 164.168, 0
PixelHit 1303, 967, 154.561, 0
PixelHit 1305, 967, 87.0737, 0
PixelHit 1306, 968, 119.447, 0
PixelHit 1306, 969, 64.9083, 0
PixelHit 1307, 968, 254.126, 0
PixelHit 1308, 969, 108.484, 0
PixelHit 1310, 970, 71.0822, 0
PixelHit 1311, 973, 120.67, 0
PixelHit 1315, 967, 168.169, 0
PixelHit 1316, 966, 62.4908, 0
PixelHit 1316, 968, 204.624, 0
PixelHit 1316, 969, 208.696, 0
PixelHit 1318, 968, 118.831, 0
PixelHit 1319, 968, 83.8059, 0
PixelHit 1320, 965, 244.587, 0
PixelHit 1321, 971, 170.403, 0
PixelHit 1322, 967, 253.031, 0
PixelHit 1323, 967, 133.274, 0
PixelHit 1324, 967, 130.354, 0
PixelHit 1324, 970, 215.643, 0
PixelHit 1325, 966, 136.748, 0
PixelHit 1325, 968, 239.836, 0
PixelHit 1326, 967, 123.747, 0
PixelHit 1326, 968, 99.7626, 0
PixelHit 1329, 969, 163.519, 0
PixelHit 1329, 970, 65.2618, 0
PixelHit 1355, 1002, 114.033, 0
PixelHit 1357, 1002, 76.4671, 0
PixelHit 1358, 1002, 195.805, 0
PixelHit 1359, 1002, 339.553, 0
PixelHit 1361, 1002, 120.208, 0
PixelHit 1365, 1002, 106.706, 0
PixelHit 1365, 1003, 194.095, 0
PixelHit 1366, 1001, 59.4317, 0
PixelHit 1366, 1002, 275.057, 0
PixelHit 1366, 1003, 49.5855, 0
PixelHit 1368, 1001, 432.002, 0
PixelHit 1368, 1003, 77.6458, 0
PixelHit 1369, 1002, 73.268, 0
PixelHit 1372, 1002, 91.1655, 0
PixelHit 1376, 1000, 71.772, 0
PixelHit 1377, 1000, 103.143, 0
PixelHit 1377, 1002, 171.59, 0
PixelHit 1378, 1002, 226.078, 0
PixelHit 1380, 1002, 105.317, 0
PixelHit 1380, 1003, 74.8162, 0
PixelHit 1381, 1001, 81.5107, 0
PixelHit 1382, 1002, 64.2553, 0
PixelHit 1383, 1001, 89.3567, 0
PixelHit 1384, 1001, 100.6, 0
PixelHit 1384, 1003, 65.7506, 0
PixelHit 1384, 1004, 120.814, 0
PixelHit 1386, 1002, 250.056, 0
PixelHit 1388, 1001, 68.0074, 0
PixelHit 1389, 1000, 90.247, 0
PixelHit 1390, 1000, 96.0381, 0
PixelHit 1390, 1001, 69.6872, 0
PixelHit 1390, 1002, 57.5121, 0
PixelHit 1391, 999, 208.183, 0
PixelHit 1391, 1002, 78.0748, 0
PixelHit 1393, 999, 48.969, 0
PixelHit 1393, 1000, 379.529, 0
PixelHit 1393, 1001, 87.5933, 0
PixelHit 1393, 1002, 169.612, 0
PixelHit 1393, 1003, 93.1767, 0
PixelHit 1394, 1003, 135.19, 0
PixelHit 1394, 1006, 97.654, 0
PixelHit 1395, 1001, 67.5517, 0
PixelHit 1395, 1004, 116.085, 0
PixelHit 1396, 1000, 92.4401, 0
PixelHit 1396, 1002, 71.4407, 0
PixelHit 1396, 1003, 162.849, 0
PixelHit 1397, 1001, 125.616, 0
PixelHit 1399, 1001, 254.534, 0
PixelHit 1401, 1000, 122.216, 0
PixelHit 1403, 999, 107, 0
PixelHit 1403, 1003, 246.167, 0
PixelHit 1403, 1006, 93.6371, 0
PixelHit 1405, 1000, 105.705, 0
=== 24 ===
=== 25 ===
=== 26 ===
=== 27 ===
=== 28 ===
=== 29 ===
=== 30 ===
=== 31 ===
=== 32 ===
=== 33 ===
=== 34 ===
=== 35 ===
=== 36 ===
=== 37 ===
=== 38 ===
=== 39 ===
=== 40 ===
=== 41 ===
=== 42 ===
=== 43 ===
--- mydetector ---
PixelHit 1280, 965, 53.5079, 0
PixelHit 1283, 965, 75.4623, 0
PixelHit 1284, 965, 271.319, 0
PixelHit 1285, 965, 215.031, 0
PixelHit 1288, 964, 170.052, 0
PixelHit 1288, 965, 253.635, 0
PixelHit 1288, 966, 101.514, 0
PixelHit 1289, 963, 72.0211, 0
PixelHit 1289, 964, 237.259, 0
PixelHit 1289, 965, 371.73, 0
PixelHit 1289, 966, 1144.85, 0
PixelHit 1289, 967, 102.813, 0
PixelHit 1290, 965, 441.099, 0
PixelHit 1290, 966, 602.367, 0
PixelHit 1290, 967, 314.539, 0
PixelHit 1291, 963, 126.832, 0
PixelHit 1292, 965, 124.822, 0
PixelHit 1293, 965, 137.636, 0
PixelHit 1294, 964, 179.243, 0
PixelHit 1295, 963, 90.7593, 0
PixelHit 1296, 965, 172.27, 0
PixelHit 1297, 964, 98.2957, 0
PixelHit 1297, 965, 57.06, 0
PixelHit 1298, 962, 58.876, 0
PixelHit 1298, 965, 149.404, 0
PixelHit 1298, 966, 141.997, 0
PixelHit 1299, 963, 230.386, 0
PixelHit 1299, 964, 115.618, 0
PixelHit 1299, 965, 166.066, 0
PixelHit 1299, 966, 119.833, 0
PixelHit 1299, 967, 68.9975, 0
PixelHit 1300, 964, 689.199, 0
PixelHit 1300, 965, 529.784, 0
PixelHit 1301, 964, 193.385, 0
PixelHit 1301, 965, 355.981, 0
PixelHit 1301, 966, 71.405, 0
PixelHit 1302, 964, 408.233, 0
PixelHit 1302, 966, 168.698, 0
PixelHit 1303, 965, 88.4654, 0
PixelHit 1304, 961, 118.875, 0
PixelHit 1304, 964, 99.771, 0
PixelHit 1305, 961, 239.563, 0
PixelHit 1305, 962, 57.4607, 0
PixelHit 1305, 963, 447.765, 0
PixelHit 1305, 964, 540.436, 0
PixelHit 1305, 965, 264.549, 0
PixelHit 1306, 961, 102.679, 0
PixelHit 1306, 962, 281.769, 0
PixelHit 1306, 963, 742.501, 0
PixelHit 1306, 964, 1181.69, 0
PixelHit 1306, 965, 102.622, 0
PixelHit 1306, 996, 216.104, 0
PixelHit 1307, 963, 387.597, 0
PixelHit 1307, 964, 504.571, 0
PixelHit 1307, 965, 247.174, 0
PixelHit 1308, 962, 250.023, 0
PixelHit 1308, 963, 99.5716, 0
PixelHit 1308, 964, 169.886, 0
PixelHit 1308, 967, 122.743, 0
PixelHit 1309, 964, 80.82, 0
PixelHit 1309, 993, 216.071, 0
PixelHit 1309, 994, 252.785, 0
PixelHit 1310, 964, 78.6764, 0
PixelHit 1310, 965, 130.561, 0
PixelHit 1310, 993, 152.58, 0
PixelHit 1310, 994, 370.548, 0
PixelHit 1311, 963, 175.255, 0
PixelHit 1311, 964, 204.814, 0
PixelHit 1311, 966, 60.1066, 0
PixelHit 1311, 992, 104.109, 0
PixelHit 1312, 962, 119.398, 0
PixelHit 1312, 964, 63.6687, 0
PixelHit 1312, 976, 183.406, 0
PixelHit 1312, 980, 117.385, 0
PixelHit 1312, 984, 97.61, 0
PixelHit 1312, 986, 86.0659, 0
PixelHit 1312, 991, 65.5584, 0
PixelHit 1312, 992, 256.101, 0
PixelHit 1312, 994, 179.993, 0
PixelHit 1313, 979, 384.662, 0
PixelHit 1313, 989, 118.279, 0
PixelHit 1314, 963, 69.431, 0
PixelHit 1314, 973, 89.6454, 0
PixelHit 1314, 979, 390.362, 0
PixelHit 1314, 982, 94.5663, 0
PixelHit 1314, 984, 45.3959, 0
PixelHit 1314, 986, 90.5851, 0
PixelHit 1314, 987, 152.087, 0
PixelHit 1314, 988, 109.585, 0
PixelHit 1315, 965, 81.8103, 0
PixelHit 1315, 966, 140.253, 0
PixelHit 1315, 977, 130.502, 0
PixelHit 1315, 978, 250.797, 0
PixelHit 1315, 980, 148.602, 0
PixelHit 1315, 983, 136.652, 0
PixelHit 1316, 961, 99.2929, 0
PixelHit 1316, 966, 82.767, 0
PixelHit 1316, 975, 130.821, 0
PixelHit 1316, 980, 128.295, 0
PixelHit 1317, 963, 78.8043, 0
PixelHit 1317, 964, 236.903, 0
PixelHit 1317, 968, 258.084, 0
PixelHit 1317, 969, 118.231, 0
PixelHit 1317, 972, 100.49, 0
PixelHit 1317, 973, 77.8012, 0
PixelHit 1317, 976, 92.6853, 0
PixelHit 1318, 963, 53.1201, 0
PixelHit 1318, 965, 86.3865, 0
PixelHit 1318, 967, 86.1897, 0
PixelHit 1318, 972, 241.313, 0
PixelHit 1318, 975, 132.905, 0
PixelHit 1319, 961, 58.7961, 0
PixelHit 1319, 971, 187.653, 0
PixelHit 1321, 966, 58.613, 0
PixelHit 1321, 967, 173.794, 0
PixelHit 1322, 963, 53.6178, 0
PixelHit 1323, 960, 75.9533, 0
PixelHit 1323, 965, 141.623, 0
PixelHit 1323, 967, 94.1417, 0
PixelHit 1324, 965, 113.693, 0
PixelHit 1324, 967, 69.9741, 0
PixelHit 1324, 968, 134.439, 0
PixelHit 1325, 962, 181.804, 0
PixelHit 1326, 962, 135.119, 0
PixelHit 1326, 963, 181.555, 0
PixelHit 1327, 961, 364.369, 0
PixelHit 1327, 963, 262.27, 0
PixelHit 1328, 963, 236.574, 0
PixelHit 1328, 967, 101.849, 0
PixelHit 1329, 967, 80.4907, 0
PixelHit 1330, 962, 238.376, 0
PixelHit 1330, 964, 222.703, 0
PixelHit 1330, 967, 96.2498, 0
PixelHit 1331, 963, 79.106, 0
PixelHit 1331, 964, 156.89, 0
PixelHit 1332, 963, 341.381, 0
PixelHit 1333, 963, 50.2294, 0
PixelHit 1333, 964, 154.773, 0
PixelHit 1335, 961, 268.881, 0
PixelHit 1336, 961, 128.884, 0
PixelHit 1336, 965, 113.168, 0
PixelHit 1337, 962, 264.86, 0
PixelHit 1337, 965, 74.634, 0
PixelHit 1338, 962, 68.7432, 0
PixelHit 1339, 961, 120.286, 0
PixelHit 1339, 963, 166.125, 0
PixelHit 1339, 965, 72.1314, 0
PixelHit 1341, 964, 52.1502, 0
PixelHit 1343, 965, 90.6279, 0
=== 44 ===
=== 45 ===
=== 46 ===
=== 47 ===
=== 48 ===
=== 49 ===
=== 50 ===
=== 51 ===
=== 52 ===
=== 53 ===
=== 54 ===
=== 55 ===
=== 56 ===
=== 57 ===
=== 58 ===
=== 59 ===
=== 60 ===
=== 61 ===
=== 62 ===
=== 63 ===
=== 64 ===
=== 65 ===
=== 66 ===
=== 67 ===
=== 68 ===
=== 69 ===
=== 70 ===
=== 71 ===
=== 72 ===
--- mydetector ---
PixelHit 871, 597, 462.844, 0
PixelHit 875, 597, 162.28, 0
PixelHit 876, 597, 130.35, 0
PixelHit 877, 597, 52.9622, 0
PixelHit 878, 597, 183.364, 0
PixelHit 883, 598, 155.674, 0
PixelHit 886, 598, 101.534, 0
PixelHit 887, 598, 114.871, 0
PixelHit 888, 596, 107.809, 0
PixelHit 889, 598, 54.8056, 0
PixelHit 890, 598, 357.004, 0
PixelHit 892, 599, 117.881, 0
PixelHit 893, 598, 208.141, 0
PixelHit 894, 597, 58.7881, 0
PixelHit 894, 598, 110.537, 0
PixelHit 894, 599, 85.6069, 0
PixelHit 895, 598, 68.942, 0
PixelHit 895, 599, 294.917, 0
PixelHit 896, 600, 49.2507, 0
PixelHit 897, 598, 73.2431, 0
PixelHit 899, 597, 134.909, 0
PixelHit 900, 596, 159.424, 0
PixelHit 900, 601, 71.2833, 0
PixelHit 902, 599, 139.01, 0
PixelHit 905, 596, 151.864, 0
PixelHit 905, 598, 91.5242, 0
PixelHit 905, 600, 197.22, 0
PixelHit 906, 599, 97.852, 0
PixelHit 907, 597, 64.3193, 0
PixelHit 908, 597, 51.9158, 0
PixelHit 909, 599, 78.4911, 0
PixelHit 910, 597, 51.2088, 0
PixelHit 910, 598, 48.5686, 0
PixelHit 912, 596, 71.5604, 0
PixelHit 914, 598, 132.796, 0
PixelHit 914, 600, 182.953, 0
PixelHit 915, 597, 163.282, 0
PixelHit 915, 598, 214.305, 0
PixelHit 916, 596, 64.9043, 0
PixelHit 916, 597, 122.636, 0
PixelHit 916, 598, 102.061, 0
PixelHit 916, 599, 136.554, 0
PixelHit 917, 596, 77.2352, 0
PixelHit 917, 599, 199.729, 0
PixelHit 918, 597, 233.087, 0
PixelHit 920, 599, 167.056, 0
PixelHit 923, 600, 125.773, 0
PixelHit 923, 602, 49.3426, 0
PixelHit 924, 597, 49.8518, 0
PixelHit 1270, 976, 263.779, 0
PixelHit 1271, 976, 211.31, 0
PixelHit 1274, 976, 331.179, 0
PixelHit 1275, 975, 194.878, 0
PixelHit 1276, 975, 165.887, 0
PixelHit 1277, 976, 158.853, 0
PixelHit 1280, 975, 135.235, 0
PixelHit 1281, 975, 119.164, 0
PixelHit 1285, 975, 82.7911, 0
PixelHit 1287, 975, 153.536, 0
PixelHit 1288, 975, 84.0519, 0
PixelHit 1289, 977, 73.6495, 0
PixelHit 1292, 975, 125.737, 0
PixelHit 1292, 978, 187.56, 0
PixelHit 1293, 977, 76.8709, 0
PixelHit 1294, 976, 158.146, 0
PixelHit 1295, 976, 146.856, 0
PixelHit 1296, 973, 165.802, 0
PixelHit 1297, 975, 59.2829, 0
PixelHit 1298, 976, 241.524, 0
PixelHit 1301, 975, 67.0261, 0
PixelHit 1302, 976, 221.055, 0
PixelHit 1302, 979, 219.43, 0
PixelHit 1304, 976, 195.484, 0
PixelHit 1306, 975, 50.4515, 0
PixelHit 1306, 979, 204.903, 0
PixelHit 1307, 971, 193.457, 0
PixelHit 1307, 979, 84.1186, 0
PixelHit 1309, 976, 73.0849, 0
PixelHit 1310, 976, 190.314, 0
PixelHit 1311, 973, 68.7023, 0
PixelHit 1311, 975, 95.9268, 0
PixelHit 1313, 974, 152.948, 0
PixelHit 1313, 976, 88.7435, 0
PixelHit 1313, 978, 77.1851, 0
PixelHit 1314, 975, 136.41, 0
PixelHit 1314, 977, 55.4026, 0
PixelHit 1315, 974, 106.21, 0
PixelHit 1315, 976, 86.5836, 0
PixelHit 1315, 977, 163.531, 0
PixelHit 1316, 976, 235.721, 0
PixelHit 1316, 977, 116.976, 0
PixelHit 1317, 975, 208.979, 0
PixelHit 1317, 977, 271.328, 0
PixelHit 1318, 975, 203.514, 0
PixelHit 1319, 974, 111.633, 0
PixelHit 1319, 975, 112.007, 0
PixelHit 1319, 977, 81.2584, 0
PixelHit 1320, 975, 74.8043, 0
PixelHit 1323, 978, 119.412, 0
=== 73 ===
=== 74 ===
=== 75 ===
=== 76 ===
=== 77 ===
=== 78 ===
=== 79 ===
=== 80 ===
=== 81 ===
=== 82 ===
=== 83 ===
=== 84 ===
=== 85 ===
=== 86 ===
=== 87 ===
=== 88 ===
=== 89 ===
=== 90 ===
=== 91 ===
=== 92 ===
=== 93 ===
=== 94 ===
=== 95 ===
--- mydetector ---
PixelHit 1267, 975, 82.8702, 0
PixelHit 1270, 975, 142.575, 0
PixelHit 1271, 975, 309.953, 0
PixelHit 1274, 974, 141.267, 0
PixelHit 1274, 975, 93.2641, 0
PixelHit 1274, 976, 134.342, 0
PixelHit 1275, 973, 234.904, 0
PixelHit 1277, 973, 62.4537, 0
PixelHit 1277, 974, 132.269, 0
PixelHit 1277, 976, 90.1765, 0
PixelHit 1277, 977, 94.5333, 0
PixelHit 1278, 974, 100.83, 0
PixelHit 1279, 974, 164.788, 0
PixelHit 1279, 975, 268.126, 0
PixelHit 1279, 976, 198.341, 0
PixelHit 1280, 975, 214.733, 0
PixelHit 1280, 977, 72.5815, 0
PixelHit 1281, 975, 51.0244, 0
PixelHit 1281, 977, 270.944, 0
PixelHit 1282, 976, 81.2776, 0
PixelHit 1282, 977, 117.876, 0
PixelHit 1282, 978, 69.4985, 0
PixelHit 1283, 974, 80.9555, 0
PixelHit 1284, 974, 286.801, 0
PixelHit 1285, 974, 80.7404, 0
PixelHit 1285, 977, 89.1212, 0
PixelHit 1286, 977, 85.0582, 0
PixelHit 1286, 978, 55.0594, 0
PixelHit 1287, 975, 50.3468, 0
PixelHit 1287, 977, 105.144, 0
PixelHit 1288, 976, 113.264, 0
PixelHit 1288, 978, 72.9443, 0
PixelHit 1289, 977, 246.25, 0
PixelHit 1290, 972, 65.3841, 0
PixelHit 1290, 975, 138.405, 0
PixelHit 1291, 975, 112.746, 0
PixelHit 1291, 977, 241.106, 0
PixelHit 1292, 974, 78.6236, 0
PixelHit 1292, 976, 214.705, 0
PixelHit 1294, 977, 124.837, 0
PixelHit 1295, 975, 73.7741, 0
PixelHit 1296, 975, 257.906, 0
PixelHit 1296, 977, 123.06, 0
PixelHit 1297, 974, 282.66, 0
PixelHit 1298, 973, 259.247, 0
PixelHit 1298, 975, 115.808, 0
PixelHit 1298, 976, 138.15, 0
PixelHit 1298, 977, 105.451, 0
PixelHit 1299, 974, 145.609, 0
PixelHit 1299, 976, 215.774, 0
PixelHit 1299, 978, 99.7172, 0
PixelHit 1299, 979, 126.31, 0
PixelHit 1300, 973, 101.635, 0
PixelHit 1300, 977, 192.256, 0
PixelHit 1301, 972, 85.4194, 0
PixelHit 1301, 976, 77.3922, 0
PixelHit 1302, 976, 95.8727, 0
PixelHit 1302, 977, 106.087, 0
PixelHit 1303, 973, 66.4253, 0
PixelHit 1303, 977, 181.85, 0
PixelHit 1304, 974, 110.405, 0
PixelHit 1304, 976, 102.787, 0
PixelHit 1304, 977, 186.782, 0
PixelHit 1304, 978, 140.141, 0
PixelHit 1305, 974, 107.02, 0
PixelHit 1305, 976, 109.467, 0
PixelHit 1305, 977, 82.9034, 0
PixelHit 1305, 978, 105.542, 0
PixelHit 1305, 979, 152.296, 0
PixelHit 1306, 974, 128.762, 0
PixelHit 1306, 977, 138.113, 0
PixelHit 1306, 978, 74.184, 0
PixelHit 1306, 979, 57.2044, 0
PixelHit 1307, 976, 195.267, 0
PixelHit 1308, 974, 100.696, 0
PixelHit 1308, 976, 47.4686, 0
PixelHit 1310, 974, 98.8062, 0
PixelHit 1310, 975, 89.2303, 0
PixelHit 1311, 977, 135.253, 0
PixelHit 1312, 975, 112.375, 0
PixelHit 1312, 977, 152.755, 0
PixelHit 1313, 978, 188.499, 0
PixelHit 1314, 977, 53.4864, 0
PixelHit 1315, 979, 97.2166, 0
PixelHit 1316, 971, 269.605, 0
PixelHit 1316, 978, 83.8677, 0
PixelHit 1317, 973, 89.8149, 0
PixelHit 1318, 975, 77.3193, 0
PixelHit 1318, 976, 56.5787, 0
PixelHit 1320, 977, 80.4298, 0
PixelHit 1323, 976, 161.413, 0
PixelHit 1323, 977, 106.992, 0
PixelHit 1325, 976, 126.423, 0
PixelHit 1325, 979, 103.306, 0
PixelHit 1328, 978, 182.824, 0
=== 96 ===
=== 97 ===
=== 98 ===
=== 99 ===
=== 100 ===
# 439 objects from 4 messages
