# Allpix Squared ASCII data - https://cern.ch/allpix-squared

=== 1 ===
=== 2 ===
=== 3 ===
=== 4 ===
=== 5 ===
=== 6 ===
--- mydetector ---
PixelHit 1278, 969, 127.356, 0
PixelHit 1278, 970, 158.407, 0
PixelHit 1279, 969, 111.197, 0
PixelHit 1280, 969, 84.8885, 0
PixelHit 1280, 970, 119.897, 0
PixelHit 1281, 970, 77.418, 0
PixelHit 1281, 971, 55.3498, 0
PixelHit 1283, 969, 64.5509, 0
PixelHit 1285, 970, 85.3599, 0
PixelHit 1286, 970, 50.1479, 0
PixelHit 1289, 969, 54.8226, 0
PixelHit 1289, 970, 135.852, 0
PixelHit 1290, 969, 86.85, 0
PixelHit 1290, 971, 53.7384, 0
PixelHit 1291, 969, 243.602, 0
PixelHit 1292, 968, 102.822, 0
PixelHit 1292, 969, 76.1427, 0
PixelHit 1292, 971, 175.392, 0
PixelHit 1293, 967, 60.7614, 0
PixelHit 1293, 969, 300.69, 0
PixelHit 1293, 971, 85.1481, 0
PixelHit 1293, 972, 97.8255, 0
PixelHit 1294, 967, 92.4735, 0
PixelHit 1294, 968, 205.919, 0
PixelHit 1294, 969, 239.602, 0
PixelHit 1294, 970, 184.138, 0
PixelHit 1294, 971, 62.4515, 0
PixelHit 1294, 972, 60.942, 0
PixelHit 1294, 973, 257.139, 0
PixelHit 1295, 967, 298.578, 0
PixelHit 1295, 968, 495.624, 0
PixelHit 1295, 969, 529.134, 0
PixelHit 1295, 970, 182.667, 0
PixelHit 1295, 971, 399.267, 0
PixelHit 1295, 972, 136.015, 0
PixelHit 1296, 967, 295.439, 0
PixelHit 1296, 968, 499.774, 0
PixelHit 1296, 969, 277.023, 0
PixelHit 1297, 966, 93.9765, 0
PixelHit 1297, 968, 581.672, 0
PixelHit 1297, 969, 274.69, 0
PixelHit 1297, 970, 493.71, 0
PixelHit 1297, 971, 184.735, 0
PixelHit 1297, 972, 194.346, 0
PixelHit 1298, 968, 193.858, 0
PixelHit 1298, 969, 500.918, 0
PixelHit 1298, 970, 329.132, 0
PixelHit 1299, 965, 214.34, 0
PixelHit 1299, 966, 79.5897, 0
PixelHit 1299, 969, 165.668, 0
PixelHit 1299, 970, 62.2429, 0
PixelHit 1300, 970, 142.33, 0
PixelHit 1300, 974, 80.0349, 0
PixelHit 1301, 967, 51.0217, 0
PixelHit 1301, 968, 96.683, 0
PixelHit 1301, 969, 71.8262, 0
PixelHit 1301, 970, 67.7459, 0
PixelHit 1301, 971, 202.237, 0
PixelHit 1301, 972, 86.0166, 0
PixelHit 1301, 973, 90.6316, 0
PixelHit 1302, 966, 115.589, 0
PixelHit 1302, 969, 343.227, 0
PixelHit 1302, 970, 233.95, 0
PixelHit 1302, 971, 44.0836, 0
PixelHit 1302, 972, 79.8727, 0
PixelHit 1303, 967, 105.915, 0
PixelHit 1303, 971, 117.164, 0
PixelHit 1304, 964, 80.6575, 0
PixelHit 1304, 970, 84.9117, 0
PixelHit 1304, 974, 75.1066, 0
PixelHit 1305, 968, 109.305, 0
PixelHit 1305, 969, 90.4646, 0
PixelHit 1305, 971, 158.02, 0
PixelHit 1306, 968, 229.222, 0
PixelHit 1306, 969, 131.837, 0
PixelHit 1306, 970, 340.783, 0
PixelHit 1306, 971, 137.512, 0
PixelHit 1306, 972, 95.5153, 0
PixelHit 1307, 973, 70.4936, 0
PixelHit 1309, 969, 122.123, 0
=== 7 ===
=== 8 ===
=== 9 ===
=== 10 ===
=== 11 ===
=== 12 ===
=== 13 ===
=== 14 ===
=== 15 ===
=== 16 ===
=== 17 ===
=== 18 ===
=== 19 ===
--- mydetector ---
PixelHit 1287, 970, 60.1802, 0
PixelHit 1288, 970, 80.0753, 0
PixelHit 1291, 970, 69.1734, 0
PixelHit 1292, 971, 55.0746, 0
PixelHit 1292, 973, 258.863, 0
PixelHit 1293, 973, 276.11, 0
PixelHit 1294, 970, 90.5557, 0
PixelHit 1294, 973, 205.548, 0
PixelHit 1295, 973, 311.204, 0
PixelHit 1296, 970, 115.364, 0
PixelHit 1296, 972, 165.588, 0
PixelHit 1296, 973, 89.7973, 0
PixelHit 1297, 969, 160.205, 0
PixelHit 1297, 970, 54.7773, 0
PixelHit 1297, 972, 62.5158, 0
PixelHit 1297, 974, 194.312, 0
PixelHit 1298, 969, 295.04, 0
PixelHit 1298, 970, 204.175, 0
PixelHit 1299, 970, 61.4688, 0
PixelHit 1299, 972, 131.169, 0
PixelHit 1299, 973, 245.094, 0
PixelHit 1299, 974, 99.9235, 0
PixelHit 1300, 969, 81.1982, 0
PixelHit 1300, 970, 120.598, 0
PixelHit 1300, 973, 240.052, 0
PixelHit 1301, 973, 160.466, 0
PixelHit 1301, 974, 271.855, 0
PixelHit 1302, 970, 147.393, 0
PixelHit 1303, 972, 87.7584, 0
PixelHit 1303, 973, 148.19, 0
PixelHit 1304, 971, 80.3068, 0
PixelHit 1304, 973, 237.689, 0
PixelHit 1305, 973, 426.419, 0
PixelHit 1305, 975, 114.593, 0
PixelHit 1306, 970, 181.656, 0
PixelHit 1306, 971, 86.8515, 0
PixelHit 1306, 972, 128.674, 0
PixelHit 1306, 973, 178.881, 0
PixelHit 1307, 967, 152.176, 0
PixelHit 1307, 972, 79.2692, 0
PixelHit 1308, 973, 129.831, 0
PixelHit 1309, 973, 217.193, 0
PixelHit 1310, 967, 107.961, 0
PixelHit 1310, 969, 61.7389, 0
PixelHit 1310, 971, 205.179, 0
PixelHit 1311, 973, 224.8, 0
PixelHit 1312, 972, 71.9564, 0
PixelHit 1312, 973, 114.343, 0
PixelHit 1312, 974, 69.9684, 0
PixelHit 1313, 970, 247.464, 0
PixelHit 1313, 971, 128.581, 0
PixelHit 1313, 973, 71.697, 0
PixelHit 1313, 974, 244.473, 0
PixelHit 1313, 975, 123.998, 0
PixelHit 1316, 969, 56.0044, 0
PixelHit 1316, 971, 250.357, 0
PixelHit 1316, 974, 170.048, 0
PixelHit 1317, 972, 54.2768, 0
PixelHit 1319, 977, 176.856, 0
PixelHit 1323, 974, 106.939, 0
=== 20 ===
=== 21 ===
=== 22 ===
=== 23 ===
=== 24 ===
=== 25 ===
=== 26 ===
=== 27 ===
=== 28 ===
=== 29 ===
=== 30 ===
--- mydetector ---
PixelHit 1273, 958, 45.4819, 0
PixelHit 1274, 957, 117.963, 0
PixelHit 1275, 957, 183.289, 0
PixelHit 1275, 958, 138.267, 0
PixelHit 1276, 958, 130.512, 0
PixelHit 1277, 956, 54.9927, 0
PixelHit 1277, 958, 255.961, 0
PixelHit 1279, 957, 149.716, 0
PixelHit 1280, 971, 166.628, 0
PixelHit 1281, 958, 132.768, 0
PixelHit 1281, 970, 74.3121, 0
PixelHit 1281, 971, 314.236, 0
PixelHit 1282, 958, 178.193, 0
PixelHit 1282, 971, 90.9071, 0
PixelHit 1283, 956, 144.63, 0
PixelHit 1283, 958, 122.351, 0
PixelHit 1283, 970, 123.094, 0
PixelHit 1283, 971, 216.346, 0
PixelHit 1284, 958, 245.922, 0
PixelHit 1284, 959, 74.5589, 0
PixelHit 1284, 961, 48.7994, 0
PixelHit 1284, 970, 97.2155, 0
PixelHit 1284, 971, 211.128, 0
PixelHit 1285, 959, 234.88, 0
PixelHit 1286, 958, 94.2788, 0
PixelHit 1286, 971, 91.5584, 0
PixelHit 1287, 959, 87.0279, 0
PixelHit 1288, 957, 73.5639, 0
PixelHit 1288, 971, 106.489, 0
PixelHit 1289, 960, 309.125, 0
PixelHit 1289, 970, 124.088, 0
PixelHit 1289, 971, 261.998, 0
PixelHit 1289, 972, 128.683, 0
PixelHit 1290, 972, 56.9032, 0
PixelHit 1291, 958, 153.163, 0
PixelHit 1291, 971, 80.7631, 0
PixelHit 1292, 959, 246.331, 0
PixelHit 1293, 955, 188.719, 0
PixelHit 1293, 972, 109.697, 0
PixelHit 1295, 955, 174.398, 0
PixelHit 1295, 970, 151.155, 0
PixelHit 1297, 958, 95.6919, 0
PixelHit 1297, 960, 154.178, 0
PixelHit 1298, 960, 107.032, 0
PixelHit 1298, 972, 102.527, 0
PixelHit 1299, 956, 48.0807, 0
PixelHit 1299, 970, 122.739, 0
PixelHit 1300, 957, 143.697, 0
PixelHit 1300, 974, 105.613, 0
PixelHit 1301, 959, 135.195, 0
PixelHit 1303, 958, 201.703, 0
PixelHit 1303, 971, 46.3568, 0
PixelHit 1303, 972, 167.925, 0
PixelHit 1304, 958, 62.1423, 0
PixelHit 1304, 972, 56.9116, 0
PixelHit 1305, 970, 153.897, 0
PixelHit 1305, 971, 109.238, 0
PixelHit 1305, 972, 107.122, 0
PixelHit 1306, 972, 220.884, 0
PixelHit 1307, 972, 162.047, 0
PixelHit 1308, 969, 119.477, 0
PixelHit 1309, 970, 84.1316, 0
=== 31 ===
=== 32 ===
=== 33 ===
=== 34 ===
=== 35 ===
=== 36 ===
=== 37 ===
=== 38 ===
=== 39 ===
=== 40 ===
=== 41 ===
=== 42 ===
=== 43 ===
=== 44 ===
=== 45 ===
=== 46 ===
=== 47 ===
=== 48 ===
=== 49 ===
=== 50 ===
=== 51 ===
--- mydetector ---
PixelHit 1285, 967, 165.783, 0
PixelHit 1285, 969, 138.347, 0
PixelHit 1286, 968, 139.24, 0
PixelHit 1287, 967, 76.6728, 0
PixelHit 1287, 968, 51.1385, 0
PixelHit 1288, 968, 99.2346, 0
PixelHit 1289, 968, 91.3321, 0
PixelHit 1290, 967, 134.06, 0
PixelHit 1290, 968, 137.233, 0
PixelHit 1291, 967, 167.967, 0
PixelHit 1291, 968, 125.651, 0
PixelHit 1291, 969, 121.514, 0
PixelHit 1293, 967, 121.65, 0
PixelHit 1293, 970, 99.6862, 0
PixelHit 1294, 967, 180.674, 0
PixelHit 1294, 968, 306.885, 0
PixelHit 1295, 966, 55.6586, 0
PixelHit 1295, 969, 105.187, 0
PixelHit 1296, 965, 117.28, 0
PixelHit 1300, 967, 158.606, 0
PixelHit 1300, 968, 179.297, 0
PixelHit 1301, 969, 140.267, 0
PixelHit 1303, 968, 85.0064, 0
PixelHit 1303, 969, 102.924, 0
PixelHit 1307, 967, 141.358, 0
PixelHit 1307, 969, 117.96, 0
PixelHit 1307, 971, 58.778, 0
PixelHit 1308, 969, 93.8429, 0
PixelHit 1308, 970, 86.8298, 0
PixelHit 1309, 969, 63.2631, 0
PixelHit 1309, 970, 220.443, 0
PixelHit 1312, 970, 91.1986, 0
PixelHit 1327, 997, 172.42, 0
PixelHit 1328, 996, 114.971, 0
PixelHit 1328, 997, 70.869, 0
PixelHit 1329, 997, 67.947, 0
PixelHit 1330, 998, 60.8248, 0
PixelHit 1331, 997, 305.603, 0
PixelHit 1331, 999, 232.985, 0
PixelHit 1332, 997, 97.2459, 0
PixelHit 1332, 998, 126.972, 0
PixelHit 1336, 996, 62.0065, 0
PixelHit 1336, 997, 284.166, 0
PixelHit 1336, 998, 78.7414, 0
PixelHit 1337, 997, 112.259, 0
PixelHit 1338, 997, 85.174, 0
PixelHit 1339, 998, 99.1241, 0
PixelHit 1339, 999, 83.72, 0
PixelHit 1340, 997, 72.6872, 0
PixelHit 1344, 996, 95.5759, 0
PixelHit 1344, 998, 71.2114, 0
PixelHit 1344, 1000, 125.744, 0
PixelHit 1345, 996, 149.683, 0
PixelHit 1345, 999, 214.882, 0
PixelHit 1346, 996, 116.015, 0
PixelHit 1346, 997, 156.288, 0
PixelHit 1347, 996, 114.054, 0
PixelHit 1347, 997, 251.028, 0
PixelHit 1347, 998, 52.969, 0
PixelHit 1347, 1000, 171.555, 0
PixelHit 1348, 996, 429.488, 0
PixelHit 1349, 996, 67.5278, 0
PixelHit 1349, 999, 122.608, 0
PixelHit 1350, 999, 122.755, 0
PixelHit 1351, 998, 140.259, 0
PixelHit 1351, 1000, 102.18, 0
PixelHit 1351, 1001, 210.456, 0
PixelHit 1352, 997, 107.949, 0
PixelHit 1353, 996, 97.4383, 0
PixelHit 1355, 1001, 64.8542, 0
PixelHit 1356, 996, 54.2257, 0
PixelHit 1356, 999, 90.4322, 0
=== 52 ===
=== 53 ===
=== 54 ===
=== 55 ===
=== 56 ===
=== 57 ===
--- mydetector ---
PixelHit 1278, 975, 104.654, 0
PixelHit 1278, 976, 111.991, 0
PixelHit 1279, 975, 114.563, 0
PixelHit 1280, 976, 148.474, 0
PixelHit 1281, 973, 157.568, 0
PixelHit 1281, 975, 528.231, 0
PixelHit 1281, 976, 282.216, 0
PixelHit 1282, 973, 195.555, 0
PixelHit 1282, 974, 170.595, 0
PixelHit 1282, 975, 362.64, 0
PixelHit 1282, 976, 156.364, 0
PixelHit 1283, 973, 167.092, 0
PixelHit 1283, 974, 195.29, 0
PixelHit 1283, 976, 121.405, 0
PixelHit 1283, 977, 166.796, 0
PixelHit 1284, 972, 105.827, 0
PixelHit 1284, 973, 61.0471, 0
PixelHit 1284, 974, 73.1836, 0
PixelHit 1284, 976, 214.82, 0
PixelHit 1285, 973, 187.464, 0
PixelHit 1285, 975, 116.045, 0
PixelHit 1286, 973, 91.9263, 0
PixelHit 1286, 977, 71.3992, 0
PixelHit 1287, 976, 59.6206, 0
PixelHit 1287, 977, 172.049, 0
PixelHit 1288, 973, 174.619, 0
PixelHit 1289, 974, 118.028, 0
PixelHit 1289, 975, 133.98, 0
PixelHit 1289, 977, 164.381, 0
PixelHit 1290, 971, 99.9262, 0
PixelHit 1290, 973, 84.5052, 0
PixelHit 1290, 974, 123.419, 0
PixelHit 1290, 975, 88.8176, 0
PixelHit 1290, 976, 86.0074, 0
PixelHit 1291, 971, 77.3401, 0
PixelHit 1291, 974, 118.124, 0
PixelHit 1291, 975, 228.274, 0
PixelHit 1292, 975, 96.5607, 0
PixelHit 1293, 971, 190.596, 0
PixelHit 1293, 972, 285.113, 0
PixelHit 1293, 973, 70.7332, 0
PixelHit 1293, 975, 64.8399, 0
PixelHit 1294, 973, 154.289, 0
PixelHit 1295, 971, 115.697, 0
PixelHit 1295, 973, 89.3858, 0
PixelHit 1295, 974, 137.105, 0
PixelHit 1296, 971, 104.21, 0
PixelHit 1296, 972, 181.18, 0
PixelHit 1296, 975, 226.246, 0
PixelHit 1297, 972, 156.164, 0
PixelHit 1297, 976, 89.028, 0
PixelHit 1298, 972, 128.665, 0
PixelHit 1298, 977, 259.684, 0
PixelHit 1299, 971, 174.035, 0
PixelHit 1299, 974, 55.3343, 0
PixelHit 1299, 975, 121.234, 0
PixelHit 1299, 976, 66.9297, 0
PixelHit 1299, 977, 91.6003, 0
PixelHit 1300, 974, 119.961, 0
PixelHit 1300, 975, 164.861, 0
PixelHit 1300, 976, 264.27, 0
PixelHit 1301, 972, 146.001, 0
PixelHit 1301, 974, 169.996, 0
PixelHit 1301, 975, 219.355, 0
PixelHit 1301, 978, 104.417, 0
PixelHit 1302, 973, 59.9678, 0
PixelHit 1302, 976, 203.375, 0
PixelHit 1302, 980, 96.9182, 0
PixelHit 1303, 973, 66.6022, 0
PixelHit 1303, 974, 147.898, 0
PixelHit 1305, 974, 103.332, 0
PixelHit 1305, 975, 183.817, 0
PixelHit 1306, 971, 116.878, 0
PixelHit 1306, 972, 83.2721, 0
PixelHit 1307, 972, 85.7799, 0
PixelHit 1307, 974, 192.016, 0
PixelHit 1307, 977, 217.893, 0
PixelHit 1308, 970, 175.778, 0
PixelHit 1308, 972, 149.381, 0
PixelHit 1309, 970, 217.225, 0
PixelHit 1309, 975, 96.9052, 0
PixelHit 1312, 972, 102.318, 0
PixelHit 1312, 974, 60.569, 0
=== 58 ===
=== 59 ===
=== 60 ===
=== 61 ===
=== 62 ===
=== 63 ===
=== 64 ===
=== 65 ===
=== 66 ===
=== 67 ===
=== 68 ===
=== 69 ===
=== 70 ===
=== 71 ===
=== 72 ===
=== 73 ===
=== 74 ===
=== 75 ===
=== 76 ===
=== 77 ===
=== 78 ===
=== 79 ===
=== 80 ===
=== 81 ===
=== 82 ===
=== 83 ===
=== 84 ===
=== 85 ===
=== 86 ===
=== 87 ===
=== 88 ===
=== 89 ===
=== 90 ===
=== 91 ===
=== 92 ===
=== 93 ===
=== 94 ===
=== 95 ===
=== 96 ===
=== 97 ===
=== 98 ===
=== 99 ===
=== 100 ===
# 357 objects from 5 messages
