# Allpix Squared ASCII data - https://cern.ch/allpix-squared

=== 1 ===
=== 2 ===
=== 3 ===
=== 4 ===
=== 5 ===
=== 6 ===
--- mydetector ---
PixelHit 1291, 948, 124.345, 0
PixelHit 1292, 948, 283.288, 0
PixelHit 1293, 948, 156.396, 0
PixelHit 1296, 948, 310.97, 0
PixelHit 1296, 949, 192.285, 0
PixelHit 1297, 948, 50.7653, 0
PixelHit 1298, 948, 201.867, 0
PixelHit 1298, 949, 122.137, 0
PixelHit 1299, 947, 50.8573, 0
PixelHit 1302, 948, 132.213, 0
PixelHit 1303, 948, 110.066, 0
PixelHit 1304, 948, 232.882, 0
PixelHit 1304, 949, 66.2274, 0
PixelHit 1305, 948, 85.3353, 0
PixelHit 1306, 947, 290.883, 0
PixelHit 1306, 948, 159.346, 0
PixelHit 1307, 948, 179.964, 0
PixelHit 1307, 949, 134.329, 0
PixelHit 1308, 948, 141.879, 0
PixelHit 1310, 948, 82.6599, 0
PixelHit 1310, 949, 163.639, 0
PixelHit 1312, 949, 180.888, 0
PixelHit 1315, 948, 113.297, 0
PixelHit 1316, 948, 113.567, 0
PixelHit 1317, 947, 74.4204, 0
PixelHit 1317, 949, 100.41, 0
PixelHit 1320, 947, 78.3532, 0
PixelHit 1321, 946, 72.6664, 0
PixelHit 1322, 947, 59.1588, 0
PixelHit 1323, 948, 176.205, 0
PixelHit 1326, 949, 131.741, 0
PixelHit 1328, 949, 156.142, 0
PixelHit 1330, 949, 140.604, 0
PixelHit 1331, 948, 70.9128, 0
PixelHit 1332, 948, 220.136, 0
PixelHit 1333, 948, 112.012, 0
PixelHit 1334, 950, 202.014, 0
PixelHit 1335, 947, 91.0785, 0
PixelHit 1336, 949, 67.8105, 0
PixelHit 1337, 947, 55.9772, 0
PixelHit 1337, 949, 251.753, 0
PixelHit 1339, 949, 94.711, 0
PixelHit 1339, 950, 94.7917, 0
PixelHit 1340, 948, 119.083, 0
PixelHit 1340, 949, 161.969, 0
PixelHit 1340, 950, 44.6266, 0
PixelHit 1341, 947, 165.45, 0
PixelHit 1341, 948, 218.075, 0
PixelHit 1341, 949, 80.6801, 0
PixelHit 1341, 950, 154.575, 0
PixelHit 1341, 951, 95.7754, 0
PixelHit 1342, 946, 154.778, 0
PixelHit 1342, 947, 55.3559, 0
PixelHit 1342, 948, 424.065, 0
PixelHit 1342, 949, 308.051, 0
PixelHit 1342, 950, 116.688, 0
PixelHit 1343, 947, 66.2338, 0
PixelHit 1343, 950, 190.058, 0
PixelHit 1344, 949, 204.221, 0
PixelHit 1345, 949, 260.591, 0
PixelHit 1346, 947, 52.3585, 0
PixelHit 1348, 948, 96.9927, 0
PixelHit 1348, 949, 174.669, 0
PixelHit 1352, 947, 216.803, 0
PixelHit 1352, 949, 74.5821, 0
PixelHit 1353, 948, 263.477, 0
PixelHit 1353, 949, 191.601, 0
PixelHit 1355, 947, 122.318, 0
PixelHit 1356, 949, 181.698, 0
PixelHit 1356, 951, 123.645, 0
PixelHit 1358, 947, 84.175, 0
PixelHit 1359, 950, 82.1589, 0
PixelHit 1360, 947, 65.7864, 0
PixelHit 1360, 949, 103.901, 0
PixelHit 1361, 948, 160.666, 0
PixelHit 1361, 950, 111.341, 0
PixelHit 1363, 949, 58.8509, 0
PixelHit 1366, 950, 194.192, 0
PixelHit 1367, 948, 86.8321, 0
PixelHit 1367, 949, 168.02, 0
PixelHit 1369, 946, 78.351, 0
PixelHit 1369, 948, 53.1891, 0
PixelHit 1370, 948, 113.92, 0
PixelHit 1372, 951, 100.843, 0
PixelHit 1373, 949, 103.026, 0
PixelHit 1373, 951, 188.358, 0
PixelHit 1374, 945, 162.275, 0
PixelHit 1375, 948, 65.0651, 0
PixelHit 1376, 946, 66.963, 0
PixelHit 1376, 949, 191.216, 0
PixelHit 1380, 946, 93.6875, 0
PixelHit 1381, 946, 136.614, 0
PixelHit 1382, 947, 111.554, 0
PixelHit 1382, 949, 61.1511, 0
PixelHit 1382, 951, 185.397, 0
PixelHit 1382, 952, 66.1654, 0
PixelHit 1383, 944, 120.262, 0
PixelHit 1383, 945, 93.4389, 0
PixelHit 1383, 947, 190.085, 0
PixelHit 1383, 949, 168.605, 0
PixelHit 1384, 947, 95.9754, 0
PixelHit 1384, 949, 106.627, 0
PixelHit 1384, 950, 285.65, 0
PixelHit 1384, 951, 221.537, 0
PixelHit 1385, 943, 119.193, 0
PixelHit 1385, 948, 343.94, 0
PixelHit 1385, 949, 220.227, 0
PixelHit 1386, 951, 160.392, 0
PixelHit 1387, 947, 109.723, 0
PixelHit 1387, 949, 110.682, 0
PixelHit 1388, 948, 86.0069, 0
PixelHit 1388, 949, 199.171, 0
PixelHit 1390, 947, 197.761, 0
PixelHit 1390, 948, 101.649, 0
PixelHit 1390, 950, 249.84, 0
PixelHit 1391, 948, 50.5873, 0
PixelHit 1392, 946, 113.62, 0
PixelHit 1392, 949, 67.6826, 0
PixelHit 1393, 951, 167.585, 0
PixelHit 1396, 949, 143.519, 0
PixelHit 1397, 949, 66.7787, 0
=== 7 ===
=== 8 ===
=== 9 ===
=== 10 ===
--- mydetector ---
PixelHit 1392, 996, 102.638, 0
PixelHit 1392, 997, 155.356, 0
PixelHit 1393, 997, 169.79, 0
PixelHit 1395, 997, 60.8411, 0
PixelHit 1396, 997, 193.341, 0
PixelHit 1397, 996, 70.1539, 0
PixelHit 1397, 997, 175.38, 0
PixelHit 1399, 997, 171.284, 0
PixelHit 1403, 997, 103.106, 0
PixelHit 1404, 997, 180.904, 0
PixelHit 1408, 996, 83.6386, 0
PixelHit 1411, 996, 129.253, 0
PixelHit 1414, 997, 279.439, 0
PixelHit 1415, 998, 49.4904, 0
PixelHit 1416, 997, 90.5483, 0
PixelHit 1418, 996, 241.147, 0
PixelHit 1419, 997, 176.171, 0
PixelHit 1422, 998, 207.995, 0
PixelHit 1424, 997, 200.052, 0
PixelHit 1425, 996, 48.8475, 0
PixelHit 1425, 997, 228.555, 0
PixelHit 1426, 996, 196.722, 0
PixelHit 1426, 997, 57.3011, 0
PixelHit 1426, 998, 224.223, 0
PixelHit 1427, 996, 90.1329, 0
PixelHit 1429, 999, 173.273, 0
PixelHit 1432, 996, 180.89, 0
PixelHit 1432, 997, 122.969, 0
PixelHit 1433, 998, 71.2003, 0
PixelHit 1435, 997, 60.0768, 0
PixelHit 1436, 997, 108.787, 0
PixelHit 1438, 995, 83.8767, 0
PixelHit 1438, 996, 136.92, 0
PixelHit 1439, 996, 112.478, 0
PixelHit 1441, 996, 154.208, 0
PixelHit 1441, 999, 140.461, 0
PixelHit 1442, 996, 114.204, 0
PixelHit 1444, 996, 161.125, 0
PixelHit 1444, 999, 66.1998, 0
PixelHit 1447, 996, 256.498, 0
PixelHit 1450, 997, 89.958, 0
PixelHit 1451, 997, 180.45, 0
PixelHit 1452, 998, 187.675, 0
PixelHit 1455, 997, 102.805, 0
PixelHit 1456, 998, 131.096, 0
PixelHit 1458, 997, 194.762, 0
PixelHit 1459, 997, 83.0983, 0
PixelHit 1460, 998, 63.846, 0
PixelHit 1461, 995, 89.4483, 0
PixelHit 1462, 999, 84.3373, 0
PixelHit 1465, 995, 139.413, 0
PixelHit 1466, 997, 69.4633, 0
PixelHit 1467, 997, 218.087, 0
PixelHit 1469, 997, 112.928, 0
PixelHit 1470, 998, 66.2115, 0
PixelHit 1472, 996, 164.233, 0
PixelHit 1473, 999, 179.883, 0
PixelHit 1477, 996, 126.207, 0
PixelHit 1477, 997, 65.2998, 0
PixelHit 1479, 995, 79.3186, 0
PixelHit 1479, 997, 81.1851, 0
PixelHit 1482, 997, 167.252, 0
PixelHit 1483, 997, 245.507, 0
PixelHit 1483, 1000, 102.387, 0
PixelHit 1484, 997, 106.194, 0
PixelHit 1485, 995, 226.365, 0
PixelHit 1485, 996, 245.9, 0
PixelHit 1487, 995, 94.2641, 0
PixelHit 1487, 996, 61.8868, 0
PixelHit 1489, 994, 157.912, 0
PixelHit 1489, 996, 87.3173, 0
PixelHit 1490, 995, 98.1344, 0
PixelHit 1490, 996, 68.3212, 0
PixelHit 1492, 994, 103.883, 0
PixelHit 1493, 998, 232.002, 0
PixelHit 1495, 997, 295.831, 0
PixelHit 1495, 998, 63.6039, 0
PixelHit 1496, 995, 229.919, 0
PixelHit 1497, 995, 110.58, 0
PixelHit 1497, 997, 131.66, 0
PixelHit 1499, 998, 261.717, 0
PixelHit 1501, 997, 195.828, 0
PixelHit 2352, 887, 475.174, 0
PixelHit 2356, 886, 139.287, 0
PixelHit 2360, 886, 112.444, 0
PixelHit 2360, 887, 72.1998, 0
PixelHit 2361, 886, 212.417, 0
PixelHit 2361, 887, 222.591, 0
PixelHit 2361, 888, 176.493, 0
PixelHit 2363, 887, 139, 0
PixelHit 2364, 887, 242.506, 0
PixelHit 2365, 887, 181.037, 0
PixelHit 2366, 887, 140.165, 0
PixelHit 2367, 887, 173.744, 0
PixelHit 2368, 887, 70.3137, 0
PixelHit 2369, 887, 117.77, 0
PixelHit 2370, 887, 58.764, 0
PixelHit 2373, 889, 81.1627, 0
PixelHit 2375, 885, 135.893, 0
PixelHit 2375, 887, 209.629, 0
PixelHit 2377, 887, 65.0191, 0
PixelHit 2378, 887, 72.2663, 0
PixelHit 2379, 886, 179.708, 0
PixelHit 2382, 888, 71.1724, 0
PixelHit 2384, 885, 90.9882, 0
PixelHit 2385, 887, 203.577, 0
PixelHit 2387, 886, 148.69, 0
PixelHit 2388, 887, 233.267, 0
PixelHit 2389, 886, 50.6687, 0
PixelHit 2389, 888, 122.97, 0
PixelHit 2390, 886, 145.551, 0
PixelHit 2392, 885, 175.428, 0
PixelHit 2392, 886, 114.276, 0
PixelHit 2392, 888, 186.556, 0
PixelHit 2393, 887, 137.701, 0
PixelHit 2397, 886, 67.7108, 0
PixelHit 2400, 887, 286.286, 0
PixelHit 2401, 887, 158.901, 0
PixelHit 2401, 888, 175.652, 0
PixelHit 2402, 888, 67.5516, 0
PixelHit 2403, 887, 100.293, 0
PixelHit 2403, 889, 69.0439, 0
PixelHit 2405, 885, 56.3344, 0
PixelHit 2405, 888, 82.699, 0
PixelHit 2406, 887, 75.9485, 0
PixelHit 2409, 888, 78.0082, 0
PixelHit 2413, 887, 128.079, 0
PixelHit 2413, 888, 208.358, 0
PixelHit 2414, 887, 145.544, 0
PixelHit 2415, 886, 211.325, 0
PixelHit 2415, 888, 122.485, 0
PixelHit 2418, 888, 85.3425, 0
PixelHit 2419, 887, 133.728, 0
PixelHit 2420, 887, 55.6381, 0
PixelHit 2421, 886, 241.633, 0
PixelHit 2421, 887, 101.584, 0
PixelHit 2424, 887, 105.611, 0
PixelHit 2425, 885, 99.8569, 0
PixelHit 2425, 889, 147.215, 0
PixelHit 2427, 884, 97.5573, 0
PixelHit 2432, 891, 103.094, 0
PixelHit 2433, 886, 56.1852, 0
PixelHit 2435, 888, 282.932, 0
PixelHit 2437, 886, 55.4799, 0
PixelHit 2439, 890, 169.433, 0
PixelHit 2440, 886, 136.459, 0
PixelHit 2440, 888, 67.8186, 0
PixelHit 2441, 888, 105.193, 0
PixelHit 2442, 888, 130.57, 0
PixelHit 2443, 885, 247.11, 0
PixelHit 2443, 887, 234.089, 0
PixelHit 2444, 888, 303.741, 0
PixelHit 2444, 889, 225.029, 0
PixelHit 2445, 889, 82.3645, 0
PixelHit 2446, 887, 115.926, 0
PixelHit 2446, 888, 104.558, 0
PixelHit 2447, 884, 77.7948, 0
PixelHit 2447, 888, 94.7008, 0
PixelHit 2448, 886, 219.388, 0
PixelHit 2449, 882, 216.113, 0
=== 11 ===
=== 12 ===
=== 13 ===
=== 14 ===
=== 15 ===
=== 16 ===
=== 17 ===
=== 18 ===
=== 19 ===
=== 20 ===
=== 21 ===
=== 22 ===
=== 23 ===
=== 24 ===
=== 25 ===
=== 26 ===
=== 27 ===
=== 28 ===
=== 29 ===
=== 30 ===
=== 31 ===
=== 32 ===
=== 33 ===
=== 34 ===
=== 35 ===
=== 36 ===
=== 37 ===
=== 38 ===
=== 39 ===
=== 40 ===
=== 41 ===
=== 42 ===
=== 43 ===
=== 44 ===
=== 45 ===
=== 46 ===
=== 47 ===
=== 48 ===
=== 49 ===
=== 50 ===
=== 51 ===
=== 52 ===
=== 53 ===
=== 54 ===
=== 55 ===
=== 56 ===
=== 57 ===
=== 58 ===
=== 59 ===
=== 60 ===
=== 61 ===
=== 62 ===
=== 63 ===
=== 64 ===
=== 65 ===
=== 66 ===
=== 67 ===
=== 68 ===
=== 69 ===
=== 70 ===
=== 71 ===
=== 72 ===
=== 73 ===
=== 74 ===
=== 75 ===
=== 76 ===
=== 77 ===
=== 78 ===
=== 79 ===
=== 80 ===
=== 81 ===
=== 82 ===
=== 83 ===
=== 84 ===
=== 85 ===
=== 86 ===
--- mydetector ---
PixelHit 1081, 1073, 68.4473, 0
PixelHit 1082, 1073, 250.549, 0
PixelHit 1084, 1073, 137.047, 0
PixelHit 1084, 1074, 187.028, 0
PixelHit 1085, 1074, 57.0738, 0
PixelHit 1087, 1073, 115.507, 0
PixelHit 1089, 1074, 118.043, 0
PixelHit 1092, 1073, 156.543, 0
PixelHit 1093, 1074, 92.9901, 0
PixelHit 1095, 1074, 331.15, 0
PixelHit 1096, 1073, 149.513, 0
PixelHit 1096, 1074, 83.4475, 0
PixelHit 1097, 1074, 166.116, 0
PixelHit 1098, 1074, 146.066, 0
PixelHit 1099, 1074, 175.626, 0
PixelHit 1100, 1072, 163.21, 0
PixelHit 1100, 1073, 92.4912, 0
PixelHit 1101, 1073, 73.2271, 0
PixelHit 1102, 1073, 147.326, 0
PixelHit 1102, 1074, 143.019, 0
PixelHit 1103, 1073, 50.0353, 0
PixelHit 1103, 1075, 64.9537, 0
PixelHit 1104, 1073, 127.981, 0
PixelHit 1104, 1075, 105.377, 0
PixelHit 1105, 1073, 151.671, 0
PixelHit 1110, 1073, 83.2304, 0
PixelHit 1110, 1075, 60.3352, 0
PixelHit 1112, 1073, 123.309, 0
PixelHit 1114, 1074, 173.284, 0
PixelHit 1114, 1075, 144.385, 0
PixelHit 1115, 1074, 77.5211, 0
PixelHit 1116, 1073, 258.272, 0
PixelHit 1120, 1071, 289.69, 0
PixelHit 1120, 1073, 239.022, 0
PixelHit 1121, 1072, 170.949, 0
PixelHit 1121, 1073, 268.48, 0
PixelHit 1121, 1074, 73.7769, 0
PixelHit 1122, 1072, 128.232, 0
PixelHit 1122, 1073, 86.6887, 0
PixelHit 1122, 1075, 87.3843, 0
PixelHit 1123, 1073, 209.17, 0
PixelHit 1123, 1074, 177.142, 0
PixelHit 1124, 1073, 48.5488, 0
PixelHit 1125, 1071, 129.384, 0
PixelHit 1125, 1072, 58.9264, 0
PixelHit 1125, 1073, 72.0535, 0
PixelHit 1126, 1074, 382.192, 0
PixelHit 1127, 1073, 67.5292, 0
PixelHit 1128, 1072, 104.286, 0
PixelHit 1128, 1074, 140.583, 0
PixelHit 1129, 1073, 161.418, 0
PixelHit 1131, 1073, 81.6005, 0
PixelHit 1131, 1074, 87.7746, 0
PixelHit 1135, 1071, 193.293, 0
PixelHit 1135, 1073, 118.261, 0
PixelHit 1135, 1074, 159.498, 0
PixelHit 1136, 1073, 222.663, 0
PixelHit 1137, 1072, 135.014, 0
PixelHit 1137, 1073, 145.459, 0
PixelHit 1137, 1074, 142.455, 0
PixelHit 1138, 1072, 163.612, 0
PixelHit 1138, 1073, 150.531, 0
PixelHit 1138, 1074, 113.353, 0
PixelHit 1139, 1073, 102.119, 0
PixelHit 1142, 1074, 173.936, 0
PixelHit 1143, 1071, 85.3253, 0
PixelHit 1143, 1073, 131.929, 0
PixelHit 1146, 1076, 70.7359, 0
PixelHit 1152, 1072, 161.69, 0
PixelHit 1152, 1074, 170.733, 0
PixelHit 1152, 1075, 162.361, 0
PixelHit 1154, 1074, 64.979, 0
PixelHit 1160, 1074, 68.5682, 0
PixelHit 1160, 1075, 127.122, 0
PixelHit 1162, 1073, 103.83, 0
PixelHit 1166, 1071, 239.915, 0
PixelHit 1166, 1072, 62.2997, 0
PixelHit 1167, 1071, 273.697, 0
PixelHit 1168, 1072, 54.4786, 0
PixelHit 1169, 1072, 52.0096, 0
PixelHit 1170, 1071, 133.986, 0
PixelHit 1171, 1071, 192.407, 0
PixelHit 1172, 1074, 76.7498, 0
PixelHit 1172, 1075, 61.6051, 0
PixelHit 1173, 1071, 57.6188, 0
PixelHit 1173, 1074, 49.4557, 0
PixelHit 1174, 1074, 109.008, 0
PixelHit 1177, 1073, 98.5749, 0
PixelHit 1180, 1074, 235.391, 0
PixelHit 1181, 1072, 54.9336, 0
PixelHit 1181, 1073, 62.0114, 0
PixelHit 1182, 1071, 111.821, 0
PixelHit 1183, 1071, 146.802, 0
PixelHit 1185, 1071, 67.8996, 0
PixelHit 1186, 1074, 81.3652, 0
PixelHit 1187, 1074, 76.2802, 0
PixelHit 1188, 1071, 132.466, 0
PixelHit 1188, 1077, 109.851, 0
PixelHit 1189, 1070, 182.8, 0
PixelHit 1189, 1072, 57.8572, 0
PixelHit 1192, 1074, 60.7561, 0
=== 87 ===
=== 88 ===
--- mydetector ---
PixelHit 1251, 994, 182.514, 0
PixelHit 1251, 995, 109.026, 0
PixelHit 1252, 994, 70.7147, 0
PixelHit 1252, 995, 104.799, 0
PixelHit 1253, 994, 87.9791, 0
PixelHit 1255, 994, 43.9787, 0
PixelHit 1257, 994, 279.764, 0
PixelHit 1257, 995, 426.861, 0
PixelHit 1263, 994, 112.034, 0
PixelHit 1265, 995, 144.311, 0
PixelHit 1266, 993, 95.282, 0
PixelHit 1266, 995, 154.763, 0
PixelHit 1267, 995, 130.25, 0
PixelHit 1269, 993, 174.762, 0
PixelHit 1270, 995, 68.101, 0
PixelHit 1271, 994, 81.2369, 0
PixelHit 1271, 995, 68.6421, 0
PixelHit 1272, 995, 102.632, 0
PixelHit 1273, 994, 108.201, 0
PixelHit 1274, 994, 327.443, 0
PixelHit 1277, 993, 78.7005, 0
PixelHit 1277, 995, 83.4822, 0
PixelHit 1278, 994, 129.698, 0
PixelHit 1279, 994, 136.324, 0
PixelHit 1279, 995, 107.523, 0
PixelHit 1281, 994, 181.746, 0
PixelHit 1282, 994, 195.521, 0
PixelHit 1285, 995, 71.0013, 0
PixelHit 1287, 995, 130.967, 0
PixelHit 1288, 994, 102.12, 0
PixelHit 1290, 993, 122.431, 0
PixelHit 1292, 993, 116.546, 0
PixelHit 1293, 994, 161.791, 0
PixelHit 1295, 994, 111.091, 0
PixelHit 1296, 994, 348.457, 0
PixelHit 1299, 995, 72.8476, 0
PixelHit 1300, 993, 146.365, 0
PixelHit 1300, 994, 147.785, 0
PixelHit 1302, 993, 130.756, 0
PixelHit 1304, 993, 132.769, 0
PixelHit 1304, 994, 89.4747, 0
PixelHit 1304, 995, 78.0425, 0
PixelHit 1305, 993, 190.332, 0
PixelHit 1306, 995, 85.431, 0
PixelHit 1307, 993, 53.7987, 0
PixelHit 1307, 996, 64.9643, 0
PixelHit 1308, 995, 157.903, 0
PixelHit 1309, 993, 94.502, 0
PixelHit 1311, 995, 57.4026, 0
PixelHit 1312, 993, 50.338, 0
PixelHit 1312, 996, 83.4748, 0
PixelHit 1313, 995, 151.705, 0
PixelHit 1313, 997, 173.638, 0
PixelHit 1314, 994, 85.1792, 0
PixelHit 1314, 995, 121.512, 0
PixelHit 1315, 993, 154.298, 0
PixelHit 1316, 993, 58.4082, 0
PixelHit 1316, 995, 276.786, 0
PixelHit 1318, 997, 78.4027, 0
PixelHit 1322, 992, 122.376, 0
PixelHit 1323, 993, 62.8976, 0
PixelHit 1324, 994, 184.402, 0
PixelHit 1324, 996, 78.7515, 0
PixelHit 1324, 997, 85.8792, 0
PixelHit 1328, 994, 97.3505, 0
PixelHit 1330, 997, 306.699, 0
PixelHit 1331, 991, 115.633, 0
PixelHit 1331, 993, 53.2587, 0
PixelHit 1332, 993, 83.0135, 0
PixelHit 1334, 992, 293.074, 0
PixelHit 1335, 993, 233.513, 0
PixelHit 1335, 994, 76.6374, 0
PixelHit 1336, 994, 163.954, 0
PixelHit 1336, 996, 157.687, 0
PixelHit 1337, 995, 110.731, 0
PixelHit 1337, 997, 233.577, 0
PixelHit 1338, 992, 123.835, 0
PixelHit 1338, 994, 56.2939, 0
PixelHit 1339, 992, 104.753, 0
PixelHit 1339, 993, 162.772, 0
PixelHit 1340, 990, 94.3506, 0
PixelHit 1342, 993, 141.302, 0
PixelHit 1343, 994, 102.176, 0
PixelHit 1346, 994, 57.5025, 0
PixelHit 1347, 993, 79.5547, 0
PixelHit 1347, 995, 171.659, 0
PixelHit 1347, 996, 136.59, 0
PixelHit 1348, 995, 93.3957, 0
PixelHit 1349, 995, 214.682, 0
PixelHit 1353, 992, 140.569, 0
PixelHit 1353, 994, 198.082, 0
PixelHit 1354, 996, 95.9448, 0
PixelHit 1355, 993, 65.741, 0
PixelHit 1357, 992, 87.6348, 0
PixelHit 1357, 994, 103.368, 0
PixelHit 1360, 995, 150.698, 0
PixelHit 1711, 1158, 76.0503, 0
PixelHit 1714, 1158, 73.9355, 0
PixelHit 1714, 1159, 66.4403, 0
PixelHit 1715, 1159, 120.737, 0
PixelHit 1716, 1158, 118.466, 0
PixelHit 1719, 1159, 91.6298, 0
PixelHit 1720, 1158, 192.547, 0
PixelHit 1721, 1158, 209.952, 0
PixelHit 1722, 1157, 217.542, 0
PixelHit 1723, 1159, 61.2497, 0
PixelHit 1724, 1158, 222.205, 0
PixelHit 1726, 1157, 89.612, 0
PixelHit 1726, 1159, 133.443, 0
PixelHit 1727, 1158, 112.448, 0
PixelHit 1729, 1157, 333.964, 0
PixelHit 1730, 1159, 103.5, 0
PixelHit 1733, 1157, 263.998, 0
PixelHit 1733, 1158, 139.467, 0
PixelHit 1734, 1157, 91.964, 0
PixelHit 1735, 1157, 159.591, 0
PixelHit 1735, 1158, 66.2704, 0
PixelHit 1736, 1157, 73.2865, 0
PixelHit 1737, 1157, 84.8739, 0
PixelHit 1740, 1158, 84.5016, 0
PixelHit 1740, 1159, 117.563, 0
PixelHit 1741, 1156, 131.346, 0
PixelHit 1741, 1157, 329.649, 0
PixelHit 1744, 1158, 85.3376, 0
PixelHit 1745, 1157, 74.7557, 0
PixelHit 1746, 1158, 194.265, 0
PixelHit 1747, 1156, 88.8501, 0
PixelHit 1749, 1156, 81.3378, 0
PixelHit 1750, 1156, 167.583, 0
PixelHit 1751, 1157, 54.2638, 0
PixelHit 1752, 1157, 181.534, 0
PixelHit 1753, 1157, 58.0214, 0
PixelHit 1753, 1158, 131.111, 0
PixelHit 1753, 1159, 81.3855, 0
PixelHit 1754, 1157, 197.515, 0
PixelHit 1755, 1158, 77.1312, 0
PixelHit 1758, 1156, 87.1051, 0
PixelHit 1758, 1157, 55.2341, 0
PixelHit 1758, 1158, 181.129, 0
PixelHit 1759, 1158, 137.491, 0
PixelHit 1760, 1157, 141.521, 0
PixelHit 1761, 1156, 127.816, 0
PixelHit 1761, 1157, 134.486, 0
PixelHit 1763, 1158, 271.306, 0
PixelHit 1765, 1156, 105.165, 0
PixelHit 1765, 1157, 193.195, 0
PixelHit 1766, 1155, 128.165, 0
PixelHit 1766, 1157, 134.86, 0
PixelHit 1769, 1156, 243.788, 0
PixelHit 1769, 1158, 163.395, 0
PixelHit 1770, 1158, 100.461, 0
PixelHit 1771, 1157, 57.2859, 0
PixelHit 1772, 1157, 46.9137, 0
PixelHit 1772, 1158, 182.952, 0
PixelHit 1773, 1156, 206.767, 0
PixelHit 1774, 1156, 111.919, 0
PixelHit 1776, 1157, 65.1972, 0
PixelHit 1777, 1156, 273.312, 0
PixelHit 1777, 1157, 304.636, 0
PixelHit 1777, 1158, 93.2781, 0
PixelHit 1778, 1159, 149.756, 0
PixelHit 1780, 1157, 125.917, 0
PixelHit 1780, 1158, 184.067, 0
PixelHit 1782, 1154, 59.2655, 0
PixelHit 1783, 1155, 234.976, 0
PixelHit 1783, 1156, 104.199, 0
PixelHit 1784, 1156, 221.054, 0
PixelHit 1784, 1157, 130.505, 0
PixelHit 1784, 1159, 102.743, 0
PixelHit 1785, 1158, 133.684, 0
PixelHit 1786, 1154, 110.613, 0
PixelHit 1786, 1156, 90.3355, 0
PixelHit 1786, 1157, 182.193, 0
PixelHit 1786, 1158, 189.778, 0
PixelHit 1787, 1155, 163.44, 0
PixelHit 1787, 1158, 79.3497, 0
PixelHit 1787, 1159, 63.7704, 0
PixelHit 1788, 1157, 75.0685, 0
PixelHit 1788, 1158, 225.374, 0
PixelHit 1789, 1156, 46.2045, 0
PixelHit 1790, 1155, 76.5079, 0
PixelHit 1790, 1156, 63.1557, 0
PixelHit 1792, 1156, 143.429, 0
PixelHit 1792, 1158, 89.3773, 0
PixelHit 1794, 1154, 124.23, 0
PixelHit 1794, 1156, 111.723, 0
PixelHit 1796, 1158, 67.1009, 0
PixelHit 1797, 1158, 123.884, 0
PixelHit 1798, 1160, 94.2021, 0
PixelHit 1800, 1155, 74.2343, 0
PixelHit 1800, 1156, 62.3852, 0
PixelHit 1801, 1157, 77.8963, 0
PixelHit 1802, 1156, 95.0846, 0
PixelHit 1803, 1153, 148.44, 0
PixelHit 1803, 1155, 149.216, 0
PixelHit 1803, 1157, 136.635, 0
PixelHit 1804, 1155, 75.3749, 0
PixelHit 1805, 1154, 202.338, 0
PixelHit 1805, 1158, 359.659, 0
PixelHit 1805, 1159, 186.743, 0
PixelHit 1806, 1156, 115.891, 0
PixelHit 1806, 1158, 161.036, 0
PixelHit 1807, 1157, 175.396, 0
PixelHit 1807, 1158, 49.4385, 0
PixelHit 1808, 1157, 88.5875, 0
PixelHit 1809, 1159, 96.319, 0
PixelHit 1811, 1154, 101.345, 0
PixelHit 1811, 1156, 188.533, 0
PixelHit 1811, 1157, 110.229, 0
PixelHit 1811, 1159, 79.8895, 0
PixelHit 1811, 1160, 71.513, 0
PixelHit 1812, 1155, 100.748, 0
PixelHit 1812, 1156, 125.122, 0
PixelHit 1813, 1154, 193.666, 0
PixelHit 1813, 1155, 122.757, 0
PixelHit 1813, 1156, 129.335, 0
PixelHit 1813, 1157, 169.678, 0
PixelHit 1813, 1158, 102.086, 0
PixelHit 1814, 1152, 130.894, 0
PixelHit 1814, 1156, 74.5489, 0
PixelHit 1814, 1157, 311.39, 0
PixelHit 1814, 1162, 192.712, 0
PixelHit 1815, 1157, 113.969, 0
PixelHit 1818, 1156, 49.4294, 0
=== 89 ===
=== 90 ===
=== 91 ===
=== 92 ===
=== 93 ===
=== 94 ===
=== 95 ===
--- mydetector ---
PixelHit 1245, 970, 186.847, 0
PixelHit 1246, 970, 162.998, 0
PixelHit 1247, 970, 63.7141, 0
PixelHit 1247, 971, 168.208, 0
PixelHit 1250, 970, 271.79, 0
PixelHit 1253, 969, 133.997, 0
PixelHit 1254, 970, 180.721, 0
PixelHit 1255, 970, 75.7113, 0
PixelHit 1255, 971, 103.309, 0
PixelHit 1256, 970, 69.4801, 0
PixelHit 1258, 970, 109.254, 0
PixelHit 1259, 970, 80.4493, 0
PixelHit 1260, 970, 57.4045, 0
PixelHit 1261, 971, 172.251, 0
PixelHit 1262, 970, 209.253, 0
PixelHit 1264, 971, 81.8051, 0
PixelHit 1264, 972, 77.5319, 0
PixelHit 1265, 969, 192.352, 0
PixelHit 1267, 970, 93.7142, 0
PixelHit 1267, 971, 50.0713, 0
PixelHit 1271, 969, 106.857, 0
PixelHit 1271, 970, 239.112, 0
PixelHit 1271, 971, 323.114, 0
PixelHit 1272, 970, 286.432, 0
PixelHit 1272, 971, 258.991, 0
PixelHit 1272, 972, 264.934, 0
PixelHit 1273, 970, 114.508, 0
PixelHit 1273, 971, 172.503, 0
PixelHit 1274, 969, 59.1504, 0
PixelHit 1274, 970, 272.923, 0
PixelHit 1275, 968, 354.671, 0
PixelHit 1275, 970, 62.1519, 0
PixelHit 1275, 971, 125.232, 0
PixelHit 1276, 970, 84.7833, 0
PixelHit 1276, 971, 96.3669, 0
PixelHit 1277, 969, 163.816, 0
PixelHit 1277, 970, 154.767, 0
PixelHit 1277, 972, 132.526, 0
PixelHit 1278, 969, 92.6062, 0
PixelHit 1278, 970, 163.131, 0
PixelHit 1279, 970, 55.1546, 0
PixelHit 1280, 970, 124.35, 0
PixelHit 1280, 971, 64.2913, 0
PixelHit 1281, 969, 44.4928, 0
PixelHit 1281, 971, 102.102, 0
PixelHit 1282, 970, 200.76, 0
PixelHit 1282, 971, 150.779, 0
PixelHit 1283, 969, 64.8925, 0
PixelHit 1283, 971, 117.895, 0
PixelHit 1286, 970, 66.7569, 0
PixelHit 1286, 971, 80.7445, 0
PixelHit 1287, 972, 71.9629, 0
PixelHit 1288, 969, 144.12, 0
PixelHit 1288, 970, 179.624, 0
PixelHit 1288, 972, 112.374, 0
PixelHit 1289, 969, 43.7578, 0
PixelHit 1289, 971, 161.642, 0
PixelHit 1289, 972, 248.453, 0
PixelHit 1290, 970, 58.1335, 0
PixelHit 1291, 971, 130.156, 0
PixelHit 1292, 970, 146.814, 0
PixelHit 1293, 969, 179.375, 0
PixelHit 1294, 970, 130.626, 0
PixelHit 1294, 971, 132.75, 0
PixelHit 1295, 971, 85.479, 0
PixelHit 1296, 968, 159.199, 0
PixelHit 1296, 969, 165.407, 0
PixelHit 1296, 970, 151.51, 0
PixelHit 1296, 971, 128.647, 0
PixelHit 1296, 972, 92.2739, 0
PixelHit 1297, 970, 112.34, 0
PixelHit 1297, 971, 93.8992, 0
PixelHit 1298, 968, 74.3189, 0
PixelHit 1298, 970, 71.9129, 0
PixelHit 1299, 968, 160.21, 0
PixelHit 1299, 971, 163.319, 0
PixelHit 1300, 970, 131.897, 0
PixelHit 1301, 971, 106.194, 0
PixelHit 1302, 969, 231.301, 0
PixelHit 1302, 970, 188.967, 0
PixelHit 1303, 969, 117.248, 0
PixelHit 1304, 971, 101.129, 0
PixelHit 1306, 971, 219.043, 0
=== 96 ===
=== 97 ===
=== 98 ===
=== 99 ===
=== 100 ===
# 689 objects from 5 messages
