# Allpix Squared ASCII data - https://cern.ch/allpix-squared

=== 1 ===
=== 2 ===
=== 3 ===
=== 4 ===
=== 5 ===
=== 6 ===
=== 7 ===
=== 8 ===
=== 9 ===
=== 10 ===
=== 11 ===
=== 12 ===
=== 13 ===
=== 14 ===
=== 15 ===
=== 16 ===
=== 17 ===
=== 18 ===
=== 19 ===
=== 20 ===
=== 21 ===
=== 22 ===
=== 23 ===
=== 24 ===
=== 25 ===
=== 26 ===
=== 27 ===
=== 28 ===
=== 29 ===
=== 30 ===
=== 31 ===
=== 32 ===
=== 33 ===
=== 34 ===
=== 35 ===
=== 36 ===
=== 37 ===
=== 38 ===
=== 39 ===
=== 40 ===
=== 41 ===
=== 42 ===
--- mydetector ---
PixelHit 1291, 993, 93.5861, 0
PixelHit 1292, 993, 51.6574, 0
PixelHit 1295, 992, 121.564, 0
PixelHit 1298, 993, 67.3453, 0
PixelHit 1299, 992, 87.0422, 0
PixelHit 1300, 993, 157.282, 0
PixelHit 1302, 992, 71.3445, 0
PixelHit 1302, 993, 130.769, 0
PixelHit 1303, 992, 109.946, 0
PixelHit 1304, 993, 126.636, 0
PixelHit 1307, 993, 175.751, 0
PixelHit 1308, 992, 102.163, 0
PixelHit 1309, 991, 273.363, 0
PixelHit 1309, 993, 65.4932, 0
PixelHit 1310, 991, 163.646, 0
PixelHit 1312, 991, 69.1292, 0
PixelHit 1312, 994, 87.2474, 0
PixelHit 1313, 992, 162.255, 0
PixelHit 1314, 993, 54.073, 0
PixelHit 1315, 993, 113.186, 0
PixelHit 1315, 994, 153.766, 0
PixelHit 1316, 993, 173.647, 0
PixelHit 1316, 994, 159.579, 0
PixelHit 1319, 992, 68.9151, 0
PixelHit 1319, 993, 137.887, 0
PixelHit 1319, 994, 170.827, 0
PixelHit 1320, 992, 156.298, 0
PixelHit 1321, 994, 316.291, 0
PixelHit 1322, 993, 147.547, 0
PixelHit 1322, 995, 118.749, 0
PixelHit 1323, 993, 129.945, 0
PixelHit 1324, 992, 140.964, 0
PixelHit 1325, 990, 96.8926, 0
PixelHit 1325, 994, 55.8526, 0
PixelHit 1326, 990, 73.9958, 0
PixelHit 1326, 991, 180.51, 0
PixelHit 1326, 992, 79.6625, 0
PixelHit 1326, 994, 152.441, 0
PixelHit 1327, 992, 154.293, 0
PixelHit 1328, 992, 151.469, 0
PixelHit 1329, 991, 155.468, 0
PixelHit 1329, 992, 195.269, 0
PixelHit 1331, 993, 70.4001, 0
PixelHit 1331, 994, 126.038, 0
PixelHit 1332, 994, 173.735, 0
PixelHit 1334, 993, 161.424, 0
PixelHit 1335, 992, 114.463, 0
PixelHit 1335, 993, 76.5015, 0
PixelHit 1336, 992, 76.7286, 0
PixelHit 1337, 991, 118.421, 0
PixelHit 1339, 990, 128.318, 0
PixelHit 1339, 992, 63.0399, 0
PixelHit 1340, 990, 116.87, 0
PixelHit 1341, 988, 66.2182, 0
PixelHit 1342, 991, 97.5459, 0
PixelHit 1443, 928, 153.998, 0
PixelHit 1446, 928, 276.699, 0
PixelHit 1448, 928, 99.2584, 0
PixelHit 1449, 928, 89.9929, 0
PixelHit 1450, 927, 102.593, 0
PixelHit 1450, 928, 90.4744, 0
PixelHit 1451, 927, 140.348, 0
PixelHit 1452, 929, 81.7259, 0
PixelHit 1455, 926, 181.954, 0
PixelHit 1456, 928, 66.1322, 0
PixelHit 1459, 928, 184.268, 0
PixelHit 1460, 929, 132.912, 0
PixelHit 1461, 928, 64.5481, 0
PixelHit 1462, 927, 208.019, 0
PixelHit 1462, 929, 113.618, 0
PixelHit 1463, 927, 148.726, 0
PixelHit 1464, 928, 89.945, 0
PixelHit 1464, 929, 270.36, 0
PixelHit 1465, 925, 104.86, 0
PixelHit 1465, 926, 77.5796, 0
PixelHit 1465, 927, 160.291, 0
PixelHit 1465, 928, 59.9323, 0
PixelHit 1465, 929, 70.7247, 0
PixelHit 1466, 928, 109.357, 0
PixelHit 1466, 930, 99.1602, 0
PixelHit 1467, 927, 61.4849, 0
PixelHit 1467, 928, 362.113, 0
PixelHit 1467, 929, 61.5379, 0
PixelHit 1468, 928, 111.469, 0
PixelHit 1468, 929, 213.184, 0
PixelHit 1469, 926, 170.056, 0
PixelHit 1469, 931, 244.447, 0
PixelHit 1471, 926, 114.356, 0
PixelHit 1471, 928, 132.159, 0
PixelHit 1471, 929, 76.4025, 0
PixelHit 1471, 930, 194.07, 0
PixelHit 1472, 929, 95.4092, 0
PixelHit 1472, 931, 120.247, 0
PixelHit 1473, 928, 274.447, 0
PixelHit 1473, 929, 234.263, 0
PixelHit 1475, 928, 145.015, 0
PixelHit 1476, 928, 261.434, 0
PixelHit 1477, 931, 97.6222, 0
PixelHit 1478, 927, 137.195, 0
PixelHit 1479, 928, 55.3103, 0
PixelHit 1480, 927, 85.8808, 0
PixelHit 1480, 928, 60.334, 0
PixelHit 1480, 929, 64.188, 0
PixelHit 1481, 926, 310.546, 0
PixelHit 1481, 927, 205.646, 0
PixelHit 1481, 928, 80.1692, 0
PixelHit 1481, 929, 110.387, 0
PixelHit 1482, 927, 146.946, 0
PixelHit 1482, 928, 190.862, 0
PixelHit 1482, 929, 143.012, 0
PixelHit 1483, 925, 149.425, 0
PixelHit 1483, 928, 66.8175, 0
PixelHit 1483, 932, 69.458, 0
PixelHit 1484, 926, 78.4536, 0
PixelHit 1484, 927, 61.3264, 0
PixelHit 1484, 929, 174.638, 0
PixelHit 1484, 930, 183.591, 0
PixelHit 1484, 931, 99.8569, 0
PixelHit 1485, 924, 293.759, 0
PixelHit 1485, 925, 107.834, 0
PixelHit 1485, 927, 90.4589, 0
PixelHit 1485, 928, 221.798, 0
PixelHit 1485, 929, 98.3853, 0
PixelHit 1485, 930, 57.0709, 0
PixelHit 1486, 924, 162.882, 0
PixelHit 1486, 927, 207.243, 0
PixelHit 1486, 928, 136.345, 0
PixelHit 1486, 929, 351.346, 0
PixelHit 1486, 930, 303.186, 0
PixelHit 1486, 931, 177.714, 0
PixelHit 1487, 925, 115.495, 0
PixelHit 1487, 926, 116.03, 0
PixelHit 1487, 927, 140.346, 0
PixelHit 1487, 929, 324.985, 0
PixelHit 1488, 925, 143.694, 0
PixelHit 1488, 926, 158.753, 0
PixelHit 1488, 927, 191.081, 0
PixelHit 1488, 930, 153.848, 0
PixelHit 1488, 931, 153.045, 0
PixelHit 1489, 927, 96.7262, 0
PixelHit 1489, 928, 64.2151, 0
PixelHit 1489, 929, 73.584, 0
PixelHit 1489, 930, 150.604, 0
PixelHit 1490, 928, 198.229, 0
PixelHit 1490, 929, 69.2461, 0
=== 43 ===
--- mydetector ---
PixelHit 1314, 989, 80.2368, 0
PixelHit 1315, 989, 74.9691, 0
PixelHit 1317, 988, 80.8314, 0
PixelHit 1318, 989, 117.56, 0
PixelHit 1321, 989, 224.394, 0
PixelHit 1321, 990, 137.511, 0
PixelHit 1328, 988, 96.0653, 0
PixelHit 1330, 987, 105.084, 0
PixelHit 1330, 989, 241.313, 0
PixelHit 1332, 989, 145.275, 0
PixelHit 1333, 991, 184.74, 0
PixelHit 1334, 988, 86.8996, 0
PixelHit 1334, 989, 112.482, 0
PixelHit 1335, 988, 69.0977, 0
PixelHit 1335, 990, 141.08, 0
PixelHit 1338, 989, 146.782, 0
PixelHit 1339, 990, 73.6603, 0
PixelHit 1340, 986, 121.167, 0
PixelHit 1341, 987, 83.828, 0
PixelHit 1341, 989, 214.579, 0
PixelHit 1341, 990, 154.884, 0
PixelHit 1342, 988, 100.579, 0
PixelHit 1342, 989, 174.331, 0
PixelHit 1343, 988, 91.9666, 0
PixelHit 1346, 987, 149.359, 0
PixelHit 1346, 988, 92.9164, 0
PixelHit 1348, 988, 129.569, 0
PixelHit 1348, 989, 138.72, 0
PixelHit 1349, 991, 191.502, 0
PixelHit 1350, 987, 236.353, 0
PixelHit 1350, 988, 155.004, 0
PixelHit 1350, 989, 90.1024, 0
PixelHit 1351, 987, 172.301, 0
PixelHit 1351, 988, 239.246, 0
PixelHit 1351, 991, 87.112, 0
PixelHit 1352, 988, 282.113, 0
PixelHit 1352, 989, 200.544, 0
PixelHit 1352, 990, 50.0099, 0
PixelHit 1352, 991, 185.397, 0
PixelHit 1353, 988, 93.0808, 0
PixelHit 1353, 991, 66.6001, 0
PixelHit 1353, 992, 244.674, 0
PixelHit 1354, 987, 170.496, 0
PixelHit 1354, 988, 104.636, 0
PixelHit 1354, 989, 137.181, 0
PixelHit 1354, 990, 68.6853, 0
PixelHit 1354, 994, 74.5339, 0
PixelHit 1355, 985, 78.3067, 0
PixelHit 1355, 988, 123.104, 0
PixelHit 1355, 989, 51.0145, 0
PixelHit 1356, 988, 129.826, 0
PixelHit 1356, 989, 145.499, 0
PixelHit 1356, 990, 124.504, 0
PixelHit 1356, 992, 172.061, 0
PixelHit 1358, 986, 134.286, 0
PixelHit 1358, 987, 377.808, 0
PixelHit 1360, 987, 123.62, 0
PixelHit 1362, 987, 112.688, 0
PixelHit 1363, 987, 231.198, 0
PixelHit 1363, 989, 120.579, 0
PixelHit 1365, 989, 204.361, 0
PixelHit 1672, 1172, 374.984, 0
PixelHit 1674, 1172, 64.0367, 0
PixelHit 1676, 1173, 78.9925, 0
PixelHit 1677, 1171, 65.4873, 0
PixelHit 1678, 1172, 186.981, 0
PixelHit 1679, 1171, 113.984, 0
PixelHit 1679, 1172, 191.36, 0
PixelHit 1679, 1173, 71.5798, 0
PixelHit 1680, 1170, 200.971, 0
PixelHit 1680, 1172, 72.3414, 0
PixelHit 1683, 1171, 150.555, 0
PixelHit 1684, 1171, 174.498, 0
PixelHit 1684, 1172, 133.182, 0
PixelHit 1685, 1171, 79.4849, 0
PixelHit 1685, 1172, 142.474, 0
PixelHit 1686, 1173, 108.895, 0
PixelHit 1690, 1171, 105.547, 0
PixelHit 1692, 1170, 113.599, 0
PixelHit 1692, 1174, 111.295, 0
PixelHit 1693, 1170, 109.716, 0
PixelHit 1695, 1173, 67.6362, 0
PixelHit 1696, 1171, 268.428, 0
PixelHit 1697, 1172, 161.667, 0
PixelHit 1697, 1173, 220.262, 0
PixelHit 1698, 1168, 337.403, 0
PixelHit 1698, 1171, 100.829, 0
PixelHit 1700, 1174, 67.5587, 0
PixelHit 1701, 1170, 77.3413, 0
PixelHit 1702, 1170, 133.824, 0
PixelHit 1702, 1172, 170.686, 0
PixelHit 1705, 1169, 211.517, 0
PixelHit 1705, 1170, 122.336, 0
PixelHit 1707, 1171, 153.473, 0
PixelHit 1708, 1172, 68.4784, 0
PixelHit 1709, 1169, 242.201, 0
PixelHit 1710, 1172, 194.383, 0
PixelHit 1713, 1170, 109.874, 0
PixelHit 1715, 1166, 160.243, 0
PixelHit 1715, 1169, 133.779, 0
PixelHit 1716, 1168, 110.411, 0
PixelHit 1717, 1173, 103.246, 0
PixelHit 1718, 1171, 120.238, 0
PixelHit 1719, 1171, 77.3271, 0
PixelHit 1720, 1172, 175.486, 0
=== 44 ===
=== 45 ===
=== 46 ===
=== 47 ===
=== 48 ===
=== 49 ===
=== 50 ===
=== 51 ===
=== 52 ===
=== 53 ===
=== 54 ===
=== 55 ===
=== 56 ===
=== 57 ===
=== 58 ===
=== 59 ===
=== 60 ===
=== 61 ===
--- mydetector ---
PixelHit 1273, 978, 68.3188, 0
PixelHit 1274, 980, 200.538, 0
PixelHit 1275, 979, 151.955, 0
PixelHit 1276, 979, 78.3334, 0
PixelHit 1278, 979, 66.0687, 0
PixelHit 1281, 979, 97.8467, 0
PixelHit 1282, 980, 113.056, 0
PixelHit 1284, 969, 344.37, 0
PixelHit 1285, 969, 78.5607, 0
PixelHit 1286, 968, 67.9735, 0
PixelHit 1286, 969, 163.238, 0
PixelHit 1287, 969, 205.049, 0
PixelHit 1290, 969, 120.195, 0
PixelHit 1290, 978, 56.0264, 0
PixelHit 1291, 969, 339.227, 0
PixelHit 1291, 978, 194.121, 0
PixelHit 1292, 968, 104.981, 0
PixelHit 1292, 969, 310.814, 0
PixelHit 1293, 969, 110.902, 0
PixelHit 1294, 968, 89.3327, 0
PixelHit 1294, 969, 69.611, 0
PixelHit 1295, 968, 154.74, 0
PixelHit 1295, 979, 122.824, 0
PixelHit 1296, 967, 80.5834, 0
PixelHit 1296, 969, 195.088, 0
PixelHit 1296, 970, 115.933, 0
PixelHit 1296, 979, 200.799, 0
PixelHit 1297, 967, 122.777, 0
PixelHit 1297, 969, 111.913, 0
PixelHit 1297, 978, 64.1375, 0
PixelHit 1297, 979, 65.1663, 0
PixelHit 1298, 968, 87.4823, 0
PixelHit 1298, 979, 121.097, 0
PixelHit 1298, 980, 196.639, 0
PixelHit 1299, 970, 136.33, 0
PixelHit 1299, 978, 85.3854, 0
PixelHit 1299, 979, 109.76, 0
PixelHit 1299, 981, 90.6529, 0
PixelHit 1300, 979, 137.5, 0
PixelHit 1301, 968, 100.573, 0
PixelHit 1301, 969, 115.331, 0
PixelHit 1301, 982, 74.2489, 0
PixelHit 1302, 969, 130.128, 0
PixelHit 1303, 980, 87.1556, 0
PixelHit 1303, 981, 104.995, 0
PixelHit 1304, 969, 206.544, 0
PixelHit 1304, 970, 75.0591, 0
PixelHit 1305, 968, 125.865, 0
PixelHit 1305, 969, 159.108, 0
PixelHit 1305, 978, 204.871, 0
PixelHit 1306, 969, 116.011, 0
PixelHit 1306, 970, 144.182, 0
PixelHit 1306, 976, 76.4114, 0
PixelHit 1307, 976, 122.022, 0
PixelHit 1307, 980, 55.3117, 0
PixelHit 1308, 969, 214.046, 0
PixelHit 1308, 971, 91.239, 0
PixelHit 1308, 977, 130.261, 0
PixelHit 1308, 978, 266.756, 0
PixelHit 1309, 969, 131.758, 0
PixelHit 1309, 979, 61.6212, 0
PixelHit 1309, 981, 45.8667, 0
PixelHit 1310, 968, 55.3238, 0
PixelHit 1310, 970, 100.792, 0
PixelHit 1310, 979, 62.4296, 0
PixelHit 1311, 978, 155.084, 0
PixelHit 1311, 981, 97.5687, 0
PixelHit 1312, 970, 147.088, 0
PixelHit 1312, 980, 180.79, 0
PixelHit 1312, 981, 103.666, 0
PixelHit 1313, 978, 157.095, 0
PixelHit 1313, 980, 81.1147, 0
PixelHit 1314, 978, 131.604, 0
PixelHit 1314, 979, 54.1625, 0
PixelHit 1314, 980, 53.3966, 0
PixelHit 1315, 979, 175.186, 0
PixelHit 1316, 978, 58.7063, 0
PixelHit 1317, 968, 182.273, 0
PixelHit 1318, 977, 123.942, 0
PixelHit 1321, 965, 202.871, 0
PixelHit 1321, 968, 156.35, 0
PixelHit 1321, 970, 168.91, 0
PixelHit 1321, 978, 119.451, 0
PixelHit 1324, 967, 118.375, 0
PixelHit 1324, 969, 131.813, 0
PixelHit 1326, 966, 128.928, 0
PixelHit 1327, 966, 76.8779, 0
PixelHit 1328, 966, 143.704, 0
PixelHit 1331, 965, 79.7508, 0
PixelHit 1332, 970, 82.4009, 0
PixelHit 1333, 967, 118.488, 0
=== 62 ===
=== 63 ===
=== 64 ===
=== 65 ===
=== 66 ===
=== 67 ===
=== 68 ===
=== 69 ===
=== 70 ===
=== 71 ===
=== 72 ===
=== 73 ===
=== 74 ===
=== 75 ===
=== 76 ===
=== 77 ===
=== 78 ===
=== 79 ===
=== 80 ===
=== 81 ===
=== 82 ===
=== 83 ===
=== 84 ===
=== 85 ===
=== 86 ===
=== 87 ===
=== 88 ===
=== 89 ===
=== 90 ===
=== 91 ===
=== 92 ===
=== 93 ===
=== 94 ===
=== 95 ===
=== 96 ===
=== 97 ===
=== 98 ===
=== 99 ===
=== 100 ===
# 341 objects from 3 messages
