# Allpix Squared ASCII data - https://cern.ch/allpix-squared

=== 1 ===
=== 2 ===
=== 3 ===
=== 4 ===
=== 5 ===
=== 6 ===
=== 7 ===
=== 8 ===
=== 9 ===
=== 10 ===
=== 11 ===
=== 12 ===
=== 13 ===
=== 14 ===
=== 15 ===
=== 16 ===
=== 17 ===
=== 18 ===
=== 19 ===
=== 20 ===
=== 21 ===
=== 22 ===
=== 23 ===
=== 24 ===
=== 25 ===
=== 26 ===
=== 27 ===
=== 28 ===
=== 29 ===
=== 30 ===
=== 31 ===
=== 32 ===
=== 33 ===
=== 34 ===
=== 35 ===
--- mydetector ---
PixelHit 1291, 973, 180.947, 0
PixelHit 1292, 972, 73.1307, 0
PixelHit 1293, 972, 60.8464, 0
PixelHit 1295, 972, 76.9055, 0
PixelHit 1295, 974, 182.104, 0
PixelHit 1296, 971, 91.5659, 0
PixelHit 1296, 972, 271.491, 0
PixelHit 1296, 973, 137.672, 0
PixelHit 1296, 974, 181.101, 0
PixelHit 1297, 972, 81.8738, 0
PixelHit 1297, 973, 433.087, 0
PixelHit 1297, 974, 66.9449, 0
PixelHit 1300, 972, 45.9529, 0
PixelHit 1300, 973, 71.8393, 0
PixelHit 1301, 972, 214.596, 0
PixelHit 1301, 974, 51.0268, 0
PixelHit 1305, 971, 75.6606, 0
PixelHit 1305, 974, 125.525, 0
PixelHit 1306, 973, 70.1375, 0
PixelHit 1307, 971, 84.711, 0
PixelHit 1307, 972, 105.657, 0
PixelHit 1307, 973, 214.416, 0
PixelHit 1307, 974, 193.097, 0
PixelHit 1308, 971, 340.39, 0
PixelHit 1308, 972, 92.96, 0
PixelHit 1308, 973, 130.035, 0
PixelHit 1309, 970, 95.1632, 0
PixelHit 1309, 971, 237.877, 0
PixelHit 1309, 972, 322.088, 0
PixelHit 1309, 976, 229.187, 0
PixelHit 1310, 970, 128.46, 0
PixelHit 1310, 971, 132.721, 0
PixelHit 1310, 972, 398.41, 0
PixelHit 1310, 973, 222.315, 0
PixelHit 1310, 974, 296.914, 0
PixelHit 1311, 971, 144.215, 0
PixelHit 1311, 972, 114.646, 0
PixelHit 1311, 973, 127.489, 0
PixelHit 1311, 974, 114.518, 0
PixelHit 1312, 972, 148.402, 0
PixelHit 1312, 973, 303.828, 0
PixelHit 1312, 975, 129.269, 0
PixelHit 1313, 972, 117.148, 0
PixelHit 1313, 973, 100.848, 0
PixelHit 1313, 975, 299.551, 0
PixelHit 1314, 975, 122.056, 0
PixelHit 1371, 404, 61.0511, 0
PixelHit 1372, 406, 134.493, 0
PixelHit 1373, 406, 70.9667, 0
PixelHit 1374, 406, 87.8543, 0
PixelHit 1374, 407, 64.4237, 0
PixelHit 1376, 407, 192.374, 0
PixelHit 1377, 406, 159.515, 0
PixelHit 1378, 407, 91.3995, 0
PixelHit 1379, 405, 66.8008, 0
PixelHit 1380, 406, 98.0016, 0
PixelHit 1382, 406, 165.154, 0
PixelHit 1382, 407, 201.185, 0
PixelHit 1382, 408, 189.192, 0
PixelHit 1383, 405, 225.009, 0
PixelHit 1383, 407, 127.279, 0
PixelHit 1383, 408, 236.918, 0
PixelHit 1384, 406, 154.272, 0
PixelHit 1384, 409, 99.8943, 0
PixelHit 1385, 405, 60.8796, 0
PixelHit 1385, 406, 282.815, 0
PixelHit 1385, 407, 75.1416, 0
PixelHit 1386, 405, 107.811, 0
PixelHit 1386, 408, 73.3281, 0
PixelHit 1386, 409, 199.342, 0
PixelHit 1386, 410, 206.85, 0
PixelHit 1387, 406, 201.509, 0
PixelHit 1387, 407, 330.187, 0
PixelHit 1387, 408, 263.317, 0
PixelHit 1387, 409, 107.769, 0
PixelHit 1388, 403, 108.622, 0
PixelHit 1388, 404, 126.983, 0
PixelHit 1388, 405, 112.501, 0
PixelHit 1388, 406, 343.776, 0
PixelHit 1388, 407, 432.839, 0
PixelHit 1388, 408, 388.776, 0
PixelHit 1388, 409, 133.057, 0
PixelHit 1389, 404, 80.7081, 0
PixelHit 1389, 406, 428.233, 0
PixelHit 1389, 407, 255.384, 0
PixelHit 1389, 408, 299.36, 0
PixelHit 1390, 406, 281.583, 0
PixelHit 1390, 407, 359.444, 0
PixelHit 1390, 408, 405.53, 0
PixelHit 1390, 409, 179.084, 0
PixelHit 1391, 405, 294.622, 0
PixelHit 1391, 406, 205.439, 0
PixelHit 1391, 407, 426.709, 0
PixelHit 1391, 408, 226.137, 0
PixelHit 1391, 409, 120.478, 0
PixelHit 1391, 410, 134.926, 0
PixelHit 1391, 411, 94.2016, 0
PixelHit 1392, 404, 84.1481, 0
PixelHit 1392, 407, 219.192, 0
PixelHit 1393, 407, 252.577, 0
PixelHit 1393, 408, 229.306, 0
PixelHit 1393, 409, 166.659, 0
PixelHit 1394, 406, 131.256, 0
PixelHit 1394, 409, 252.945, 0
PixelHit 1394, 411, 212.218, 0
PixelHit 1395, 408, 243.429, 0
PixelHit 1396, 407, 248.277, 0
PixelHit 1396, 409, 96.3124, 0
PixelHit 1398, 411, 61.857, 0
=== 36 ===
=== 37 ===
=== 38 ===
=== 39 ===
=== 40 ===
=== 41 ===
=== 42 ===
=== 43 ===
=== 44 ===
=== 45 ===
=== 46 ===
=== 47 ===
=== 48 ===
=== 49 ===
=== 50 ===
=== 51 ===
=== 52 ===
=== 53 ===
=== 54 ===
=== 55 ===
=== 56 ===
=== 57 ===
=== 58 ===
=== 59 ===
=== 60 ===
=== 61 ===
=== 62 ===
=== 63 ===
=== 64 ===
--- mydetector ---
PixelHit 1263, 982, 76.2789, 0
PixelHit 1264, 981, 113.68, 0
PixelHit 1264, 982, 283.938, 0
PixelHit 1268, 980, 76.5363, 0
PixelHit 1268, 981, 211.782, 0
PixelHit 1268, 982, 46.2125, 0
PixelHit 1268, 983, 101.384, 0
PixelHit 1269, 981, 192.008, 0
PixelHit 1269, 982, 101.954, 0
PixelHit 1273, 981, 105.777, 0
PixelHit 1273, 982, 91.6303, 0
PixelHit 1273, 983, 92.2122, 0
PixelHit 1274, 981, 67.4061, 0
PixelHit 1274, 982, 120.242, 0
PixelHit 1274, 983, 181.178, 0
PixelHit 1275, 981, 55.3834, 0
PixelHit 1278, 981, 194.769, 0
PixelHit 1278, 982, 208.595, 0
PixelHit 1279, 981, 96.8186, 0
PixelHit 1279, 982, 135.347, 0
PixelHit 1280, 978, 53.2456, 0
PixelHit 1281, 978, 143.978, 0
PixelHit 1281, 983, 130.223, 0
PixelHit 1282, 978, 139.784, 0
PixelHit 1282, 979, 119.411, 0
PixelHit 1282, 983, 80.3853, 0
PixelHit 1283, 978, 161.619, 0
PixelHit 1283, 979, 110.876, 0
PixelHit 1283, 981, 194.325, 0
PixelHit 1283, 983, 110.735, 0
PixelHit 1284, 982, 90.083, 0
PixelHit 1286, 977, 87.8044, 0
PixelHit 1287, 978, 69.5167, 0
PixelHit 1287, 980, 203.483, 0
PixelHit 1287, 983, 71.6941, 0
PixelHit 1288, 976, 114.66, 0
PixelHit 1288, 977, 129.085, 0
PixelHit 1288, 982, 51.7867, 0
PixelHit 1288, 984, 128.571, 0
PixelHit 1289, 976, 210.19, 0
PixelHit 1292, 976, 141.725, 0
PixelHit 1292, 978, 145.358, 0
PixelHit 1292, 983, 142.036, 0
PixelHit 1293, 981, 320.091, 0
PixelHit 1293, 982, 307.367, 0
PixelHit 1294, 976, 133.197, 0
PixelHit 1294, 977, 184.946, 0
PixelHit 1294, 978, 250.741, 0
PixelHit 1295, 978, 154.823, 0
PixelHit 1296, 978, 229.318, 0
PixelHit 1296, 979, 66.1448, 0
PixelHit 1297, 977, 61.1711, 0
PixelHit 1297, 978, 73.9999, 0
PixelHit 1297, 979, 237.442, 0
PixelHit 1297, 980, 191.356, 0
PixelHit 1298, 977, 212.798, 0
PixelHit 1299, 976, 62.0344, 0
PixelHit 1300, 977, 170.652, 0
PixelHit 1300, 979, 108.891, 0
PixelHit 1301, 977, 134.507, 0
PixelHit 1302, 977, 62.7975, 0
PixelHit 1302, 979, 162.579, 0
PixelHit 1302, 981, 63.3857, 0
PixelHit 1303, 980, 163.455, 0
PixelHit 1303, 981, 214.751, 0
PixelHit 1305, 978, 47.0603, 0
PixelHit 1305, 979, 76.0823, 0
PixelHit 1305, 980, 91.4963, 0
PixelHit 1306, 977, 158.423, 0
PixelHit 1306, 981, 56.7895, 0
PixelHit 1311, 979, 98.5671, 0
=== 65 ===
=== 66 ===
=== 67 ===
=== 68 ===
=== 69 ===
=== 70 ===
=== 71 ===
=== 72 ===
=== 73 ===
=== 74 ===
=== 75 ===
=== 76 ===
=== 77 ===
=== 78 ===
=== 79 ===
=== 80 ===
=== 81 ===
=== 82 ===
--- mydetector ---
PixelHit 1284, 966, 127.289, 0
PixelHit 1285, 967, 202.443, 0
PixelHit 1286, 966, 77.6177, 0
PixelHit 1287, 968, 244.219, 0
PixelHit 1288, 967, 180.463, 0
PixelHit 1289, 966, 150.293, 0
PixelHit 1290, 967, 274.062, 0
PixelHit 1291, 968, 108.713, 0
PixelHit 1293, 966, 169.098, 0
PixelHit 1293, 968, 137.782, 0
PixelHit 1295, 966, 166.837, 0
PixelHit 1296, 965, 269.644, 0
PixelHit 1296, 966, 171.471, 0
PixelHit 1297, 972, 102.363, 0
PixelHit 1298, 968, 285.533, 0
PixelHit 1298, 972, 177.305, 0
PixelHit 1299, 966, 268.494, 0
PixelHit 1299, 971, 139.743, 0
PixelHit 1301, 965, 79.2629, 0
PixelHit 1302, 966, 54.7891, 0
PixelHit 1302, 973, 244.755, 0
PixelHit 1303, 970, 66.4056, 0
PixelHit 1303, 973, 205.313, 0
PixelHit 1304, 965, 72.3832, 0
PixelHit 1304, 969, 132.113, 0
PixelHit 1304, 971, 245.397, 0
PixelHit 1304, 973, 93.3343, 0
PixelHit 1305, 968, 146.921, 0
PixelHit 1305, 972, 239.007, 0
PixelHit 1305, 973, 231.666, 0
PixelHit 1307, 966, 240.101, 0
PixelHit 1307, 968, 102.406, 0
PixelHit 1307, 971, 402.118, 0
PixelHit 1307, 972, 114.92, 0
PixelHit 1308, 966, 58.3551, 0
PixelHit 1308, 972, 151.094, 0
PixelHit 1309, 966, 141.605, 0
PixelHit 1309, 971, 124.618, 0
PixelHit 1310, 972, 80.3759, 0
PixelHit 1310, 973, 133.456, 0
PixelHit 1311, 964, 86.6043, 0
PixelHit 1311, 972, 151.777, 0
PixelHit 1311, 973, 108.971, 0
PixelHit 1312, 972, 126.302, 0
PixelHit 1312, 973, 81.5753, 0
PixelHit 1314, 973, 155.898, 0
PixelHit 1315, 971, 57.1423, 0
PixelHit 1315, 972, 87.9352, 0
PixelHit 1315, 973, 193.665, 0
PixelHit 1315, 975, 68.4958, 0
PixelHit 1317, 971, 100.911, 0
PixelHit 1318, 970, 74.2884, 0
PixelHit 1318, 972, 173.502, 0
PixelHit 1320, 973, 183.784, 0
PixelHit 1323, 972, 303.241, 0
PixelHit 1324, 971, 62.6635, 0
PixelHit 1325, 972, 73.3922, 0
PixelHit 1327, 975, 136.957, 0
=== 83 ===
=== 84 ===
=== 85 ===
=== 86 ===
=== 87 ===
=== 88 ===
--- mydetector ---
PixelHit 1279, 977, 101.106, 0
PixelHit 1280, 976, 218.462, 0
PixelHit 1280, 977, 239.96, 0
PixelHit 1281, 976, 175.354, 0
PixelHit 1285, 976, 52.6799, 0
PixelHit 1285, 977, 68.7206, 0
PixelHit 1285, 978, 145.817, 0
PixelHit 1287, 977, 134.709, 0
PixelHit 1288, 977, 299.945, 0
PixelHit 1289, 976, 208.575, 0
PixelHit 1291, 978, 142.892, 0
PixelHit 1293, 951, 230.697, 0
PixelHit 1293, 975, 78.5744, 0
PixelHit 1293, 976, 130.808, 0
PixelHit 1293, 977, 233.436, 0
PixelHit 1294, 951, 70.1294, 0
PixelHit 1294, 976, 222.394, 0
PixelHit 1295, 977, 225.751, 0
PixelHit 1296, 951, 49.3463, 0
PixelHit 1297, 952, 200.359, 0
PixelHit 1297, 975, 130.684, 0
PixelHit 1297, 979, 276.514, 0
PixelHit 1298, 975, 94.5712, 0
PixelHit 1298, 976, 123.592, 0
PixelHit 1299, 951, 134.719, 0
PixelHit 1299, 952, 102.379, 0
PixelHit 1299, 976, 154.241, 0
PixelHit 1300, 952, 82.2672, 0
PixelHit 1300, 976, 174.541, 0
PixelHit 1302, 951, 254.494, 0
PixelHit 1303, 952, 74.9987, 0
PixelHit 1304, 951, 81.5103, 0
PixelHit 1304, 976, 57.3346, 0
PixelHit 1305, 952, 170.574, 0
PixelHit 1305, 978, 210.884, 0
PixelHit 1306, 952, 212.785, 0
PixelHit 1306, 975, 134.797, 0
PixelHit 1306, 978, 62.7504, 0
PixelHit 1307, 950, 112.922, 0
PixelHit 1307, 952, 137.007, 0
PixelHit 1308, 951, 132.213, 0
PixelHit 1309, 954, 164.648, 0
PixelHit 1309, 976, 187.472, 0
PixelHit 1311, 951, 108.485, 0
PixelHit 1314, 954, 126.109, 0
PixelHit 1316, 951, 140.279, 0
PixelHit 1316, 954, 256.664, 0
PixelHit 1317, 951, 68.0477, 0
PixelHit 1318, 951, 108.628, 0
PixelHit 1318, 953, 73.5687, 0
PixelHit 1320, 953, 263.859, 0
PixelHit 1321, 949, 110.758, 0
PixelHit 1323, 950, 117.35, 0
=== 89 ===
=== 90 ===
=== 91 ===
=== 92 ===
=== 93 ===
=== 94 ===
=== 95 ===
=== 96 ===
=== 97 ===
=== 98 ===
=== 99 ===
=== 100 ===
# 291 objects from 4 messages
