# Allpix Squared ASCII data - https://cern.ch/allpix-squared

=== 1 ===
=== 2 ===
=== 3 ===
=== 4 ===
=== 5 ===
=== 6 ===
=== 7 ===
=== 8 ===
=== 9 ===
=== 10 ===
=== 11 ===
=== 12 ===
=== 13 ===
=== 14 ===
=== 15 ===
=== 16 ===
=== 17 ===
=== 18 ===
=== 19 ===
=== 20 ===
=== 21 ===
=== 22 ===
=== 23 ===
=== 24 ===
=== 25 ===
=== 26 ===
=== 27 ===
=== 28 ===
=== 29 ===
=== 30 ===
=== 31 ===
=== 32 ===
=== 33 ===
=== 34 ===
=== 35 ===
=== 36 ===
=== 37 ===
=== 38 ===
=== 39 ===
=== 40 ===
=== 41 ===
=== 42 ===
=== 43 ===
=== 44 ===
=== 45 ===
--- mydetector ---
PixelHit 1273, 965, 54.4685, 0
PixelHit 1273, 966, 83.909, 0
PixelHit 1274, 965, 143.057, 0
PixelHit 1275, 965, 125.321, 0
PixelHit 1277, 967, 49.9674, 0
PixelHit 1278, 966, 190.777, 0
PixelHit 1280, 965, 184.782, 0
PixelHit 1280, 966, 208.213, 0
PixelHit 1280, 967, 63.2779, 0
PixelHit 1280, 968, 52.3707, 0
PixelHit 1281, 965, 58.3964, 0
PixelHit 1281, 966, 89.9778, 0
PixelHit 1282, 966, 141.652, 0
PixelHit 1282, 967, 58.4122, 0
PixelHit 1285, 965, 104.789, 0
PixelHit 1285, 966, 60.2037, 0
PixelHit 1286, 967, 121.876, 0
PixelHit 1287, 966, 60.595, 0
PixelHit 1288, 967, 184.391, 0
PixelHit 1288, 968, 194.428, 0
PixelHit 1288, 969, 108.313, 0
PixelHit 1289, 966, 178.821, 0
PixelHit 1289, 967, 403.167, 0
PixelHit 1289, 968, 145.285, 0
PixelHit 1289, 969, 336.319, 0
PixelHit 1290, 965, 227.148, 0
PixelHit 1290, 966, 490.917, 0
PixelHit 1290, 967, 986.562, 0
PixelHit 1290, 968, 512.476, 0
PixelHit 1290, 969, 149.713, 0
PixelHit 1291, 965, 201.957, 0
PixelHit 1291, 966, 64.3331, 0
PixelHit 1291, 967, 607.572, 0
PixelHit 1291, 968, 310.465, 0
PixelHit 1291, 969, 358.683, 0
PixelHit 1291, 970, 141.734, 0
PixelHit 1292, 964, 145.215, 0
PixelHit 1292, 965, 233.3, 0
PixelHit 1292, 968, 86.0489, 0
PixelHit 1293, 964, 114.533, 0
PixelHit 1293, 967, 81.0759, 0
PixelHit 1293, 968, 91.5439, 0
PixelHit 1294, 966, 88.753, 0
PixelHit 1295, 964, 120.692, 0
PixelHit 1295, 966, 427.362, 0
PixelHit 1295, 967, 111.424, 0
PixelHit 1295, 968, 134.762, 0
PixelHit 1295, 969, 140.536, 0
PixelHit 1296, 964, 163.976, 0
PixelHit 1296, 965, 270.279, 0
PixelHit 1296, 966, 358.115, 0
PixelHit 1296, 967, 271.575, 0
PixelHit 1296, 968, 152.251, 0
PixelHit 1297, 965, 352.136, 0
PixelHit 1297, 966, 317.369, 0
PixelHit 1298, 967, 312.12, 0
PixelHit 1299, 965, 134.157, 0
PixelHit 1300, 965, 65.9181, 0
PixelHit 1301, 965, 72.1146, 0
PixelHit 1301, 967, 92.0058, 0
PixelHit 1302, 965, 149.019, 0
PixelHit 1303, 964, 49.521, 0
PixelHit 1303, 966, 198.076, 0
PixelHit 1304, 965, 95.4817, 0
PixelHit 1304, 967, 104.966, 0
PixelHit 1305, 964, 130.033, 0
PixelHit 1306, 965, 84.8955, 0
PixelHit 1307, 966, 81.9445, 0
PixelHit 1308, 967, 53.0312, 0
PixelHit 1309, 964, 126.403, 0
PixelHit 1311, 967, 180.151, 0
PixelHit 1313, 966, 123.28, 0
PixelHit 1314, 966, 75.2685, 0
PixelHit 1316, 966, 70.6, 0
PixelHit 1316, 970, 60.1356, 0
PixelHit 1317, 966, 78.5874, 0
PixelHit 1317, 968, 162.867, 0
PixelHit 1318, 964, 167.882, 0
PixelHit 1563, 941, 183.895, 0
PixelHit 1563, 942, 55.5528, 0
PixelHit 1564, 941, 140.028, 0
PixelHit 1565, 942, 71.402, 0
PixelHit 1566, 942, 184.687, 0
PixelHit 1567, 940, 67.707, 0
PixelHit 1569, 942, 182.534, 0
PixelHit 1571, 942, 171.892, 0
PixelHit 1573, 942, 83.7889, 0
PixelHit 1574, 941, 126.587, 0
PixelHit 1576, 943, 127.776, 0
PixelHit 1577, 941, 153.304, 0
PixelHit 1577, 942, 99.2909, 0
PixelHit 1578, 942, 248.038, 0
PixelHit 1579, 941, 295.131, 0
PixelHit 1581, 943, 188.217, 0
PixelHit 1582, 942, 88.7617, 0
PixelHit 1582, 943, 192.503, 0
PixelHit 1583, 941, 52.928, 0
PixelHit 1584, 941, 130.802, 0
PixelHit 1585, 942, 116.356, 0
PixelHit 1586, 940, 184.576, 0
PixelHit 1588, 943, 222.343, 0
PixelHit 1589, 940, 69.7771, 0
PixelHit 1590, 939, 122.225, 0
PixelHit 1591, 940, 263.096, 0
PixelHit 1591, 941, 353.389, 0
PixelHit 1591, 943, 196.531, 0
PixelHit 1591, 944, 244.664, 0
PixelHit 1592, 941, 75.5387, 0
PixelHit 1592, 943, 104.17, 0
PixelHit 1593, 943, 146.959, 0
PixelHit 1594, 942, 127.609, 0
PixelHit 1594, 943, 248.883, 0
PixelHit 1596, 940, 114.856, 0
PixelHit 1596, 943, 327.364, 0
PixelHit 1597, 940, 132.004, 0
PixelHit 1598, 940, 122.24, 0
PixelHit 1598, 941, 375.207, 0
PixelHit 1598, 942, 65.9317, 0
PixelHit 1598, 944, 105.003, 0
PixelHit 1598, 945, 131.212, 0
PixelHit 1599, 942, 69.0298, 0
PixelHit 1599, 945, 83.6732, 0
PixelHit 1600, 944, 78.6312, 0
PixelHit 1601, 937, 79.7175, 0
PixelHit 1601, 942, 51.1473, 0
PixelHit 1601, 945, 66.0726, 0
PixelHit 1602, 938, 182.438, 0
PixelHit 1602, 943, 192.672, 0
PixelHit 1603, 937, 151.541, 0
PixelHit 1603, 943, 86.2898, 0
PixelHit 1604, 939, 56.0851, 0
PixelHit 1604, 940, 206.998, 0
PixelHit 1604, 941, 76.7736, 0
PixelHit 1605, 943, 64.2447, 0
PixelHit 1606, 939, 174.791, 0
=== 46 ===
=== 47 ===
=== 48 ===
=== 49 ===
=== 50 ===
=== 51 ===
=== 52 ===
=== 53 ===
=== 54 ===
=== 55 ===
=== 56 ===
=== 57 ===
=== 58 ===
=== 59 ===
=== 60 ===
=== 61 ===
=== 62 ===
=== 63 ===
--- mydetector ---
PixelHit 1238, 978, 112.387, 0
PixelHit 1243, 978, 262.606, 0
PixelHit 1246, 978, 284.807, 0
PixelHit 1247, 977, 98.6917, 0
PixelHit 1247, 978, 124.156, 0
PixelHit 1249, 978, 112.998, 0
PixelHit 1250, 979, 252.432, 0
PixelHit 1251, 976, 93.0921, 0
PixelHit 1251, 977, 125.735, 0
PixelHit 1251, 978, 172.868, 0
PixelHit 1252, 978, 120.748, 0
PixelHit 1254, 978, 184.207, 0
PixelHit 1257, 977, 212.321, 0
PixelHit 1258, 977, 68.1491, 0
PixelHit 1258, 978, 146.873, 0
PixelHit 1260, 977, 73.336, 0
PixelHit 1262, 980, 68.2079, 0
PixelHit 1264, 977, 136.049, 0
PixelHit 1264, 979, 122.476, 0
PixelHit 1266, 977, 224.773, 0
PixelHit 1266, 979, 133.898, 0
PixelHit 1271, 979, 201.438, 0
PixelHit 1272, 976, 208.822, 0
PixelHit 1272, 977, 96.9824, 0
PixelHit 1272, 980, 73.3527, 0
PixelHit 1273, 978, 54.5319, 0
PixelHit 1273, 979, 95.6816, 0
PixelHit 1278, 979, 69.643, 0
PixelHit 1280, 978, 98.8335, 0
PixelHit 1281, 978, 103.942, 0
PixelHit 1281, 980, 166.54, 0
PixelHit 1284, 978, 75.4763, 0
PixelHit 1285, 977, 138.036, 0
PixelHit 1286, 971, 160.776, 0
PixelHit 1287, 976, 108.007, 0
PixelHit 1288, 971, 95.8495, 0
PixelHit 1288, 972, 145.172, 0
PixelHit 1288, 977, 161.947, 0
PixelHit 1288, 980, 152.706, 0
PixelHit 1289, 971, 182.498, 0
PixelHit 1289, 979, 108.452, 0
PixelHit 1289, 980, 101.93, 0
PixelHit 1290, 971, 311.443, 0
PixelHit 1291, 971, 110.301, 0
PixelHit 1291, 972, 236.667, 0
PixelHit 1293, 970, 63.1506, 0
PixelHit 1294, 972, 205.554, 0
PixelHit 1295, 970, 62.3596, 0
PixelHit 1295, 971, 132.965, 0
PixelHit 1295, 972, 160.093, 0
PixelHit 1296, 972, 70.6323, 0
PixelHit 1298, 971, 66.0156, 0
PixelHit 1299, 970, 170.111, 0
PixelHit 1300, 971, 81.5031, 0
PixelHit 1300, 973, 338.395, 0
PixelHit 1301, 971, 175.528, 0
PixelHit 1301, 972, 51.3965, 0
PixelHit 1302, 970, 215.404, 0
PixelHit 1302, 971, 370.648, 0
PixelHit 1303, 970, 51.6165, 0
PixelHit 1303, 971, 79.6131, 0
PixelHit 1304, 968, 82.8342, 0
PixelHit 1304, 971, 96.2299, 0
PixelHit 1305, 969, 153.68, 0
PixelHit 1308, 969, 130.718, 0
PixelHit 1309, 971, 92.432, 0
PixelHit 1313, 970, 59.3429, 0
PixelHit 1314, 972, 52.8253, 0
PixelHit 1316, 972, 171.656, 0
PixelHit 1317, 971, 65.8211, 0
PixelHit 1319, 970, 213.868, 0
PixelHit 1319, 971, 83.1233, 0
PixelHit 1320, 969, 158.951, 0
PixelHit 1320, 972, 292.247, 0
PixelHit 1320, 973, 143.749, 0
PixelHit 1321, 971, 66.2992, 0
PixelHit 1323, 972, 133.603, 0
PixelHit 1324, 973, 61.0748, 0
PixelHit 1326, 971, 63.5815, 0
PixelHit 1326, 972, 119.144, 0
PixelHit 1326, 973, 68.462, 0
PixelHit 1327, 970, 328.234, 0
PixelHit 1327, 971, 172.65, 0
PixelHit 1328, 969, 90.5962, 0
PixelHit 1328, 971, 90.7727, 0
PixelHit 1328, 972, 83.4549, 0
PixelHit 1329, 969, 146.376, 0
PixelHit 1330, 971, 54.7733, 0
PixelHit 1331, 973, 54.6528, 0
PixelHit 1332, 970, 121.986, 0
PixelHit 1332, 975, 164.562, 0
PixelHit 1333, 973, 43.1653, 0
PixelHit 1334, 970, 150.46, 0
=== 64 ===
=== 65 ===
=== 66 ===
=== 67 ===
=== 68 ===
=== 69 ===
=== 70 ===
=== 71 ===
=== 72 ===
=== 73 ===
=== 74 ===
=== 75 ===
=== 76 ===
=== 77 ===
=== 78 ===
=== 79 ===
=== 80 ===
=== 81 ===
=== 82 ===
=== 83 ===
=== 84 ===
=== 85 ===
=== 86 ===
=== 87 ===
=== 88 ===
=== 89 ===
--- mydetector ---
PixelHit 827, 881, 77.0875, 0
PixelHit 828, 880, 122.051, 0
PixelHit 828, 881, 760.333, 0
PixelHit 829, 881, 375.04, 0
PixelHit 830, 881, 127.372, 0
PixelHit 831, 881, 285.325, 0
PixelHit 832, 880, 134.321, 0
PixelHit 832, 881, 119.537, 0
PixelHit 833, 881, 266.898, 0
PixelHit 835, 881, 170.621, 0
PixelHit 836, 881, 135.359, 0
PixelHit 838, 879, 86.6115, 0
PixelHit 838, 882, 59.6457, 0
PixelHit 839, 880, 282.646, 0
PixelHit 839, 881, 279.872, 0
PixelHit 840, 880, 63.5403, 0
PixelHit 840, 881, 203.115, 0
PixelHit 842, 880, 88.9017, 0
PixelHit 842, 881, 171, 0
PixelHit 842, 882, 118.402, 0
PixelHit 843, 882, 241.86, 0
PixelHit 844, 882, 134.605, 0
PixelHit 845, 880, 167.612, 0
PixelHit 845, 881, 247.75, 0
PixelHit 849, 881, 50.3574, 0
PixelHit 850, 882, 64.3272, 0
PixelHit 851, 883, 48.7826, 0
PixelHit 852, 884, 159.01, 0
PixelHit 853, 881, 53.9442, 0
PixelHit 859, 882, 104.142, 0
PixelHit 860, 880, 94.0675, 0
PixelHit 861, 881, 116.189, 0
PixelHit 862, 881, 127.622, 0
PixelHit 863, 880, 130.381, 0
PixelHit 863, 881, 184.971, 0
PixelHit 864, 882, 57.0906, 0
PixelHit 865, 881, 60.7831, 0
PixelHit 866, 882, 71.1411, 0
PixelHit 866, 883, 82.1231, 0
PixelHit 867, 881, 43.4412, 0
PixelHit 868, 878, 80.7553, 0
PixelHit 868, 879, 114.625, 0
PixelHit 868, 882, 173.824, 0
PixelHit 868, 883, 208.924, 0
PixelHit 869, 881, 91.2494, 0
PixelHit 869, 882, 105.017, 0
PixelHit 870, 882, 62.7002, 0
PixelHit 871, 884, 186.122, 0
PixelHit 872, 882, 92.7533, 0
PixelHit 872, 883, 338.573, 0
PixelHit 873, 881, 89.4925, 0
PixelHit 874, 880, 80.8402, 0
PixelHit 874, 882, 71.3733, 0
PixelHit 875, 883, 101.899, 0
PixelHit 876, 880, 143.721, 0
PixelHit 879, 881, 70.0385, 0
PixelHit 1450, 1009, 136.522, 0
PixelHit 1451, 1010, 109.17, 0
PixelHit 1453, 1010, 145.139, 0
PixelHit 1454, 1010, 164.771, 0
PixelHit 1457, 1008, 72.1423, 0
PixelHit 1458, 1008, 186.834, 0
PixelHit 1460, 1009, 51.9516, 0
PixelHit 1460, 1010, 127.626, 0
PixelHit 1461, 1010, 256.128, 0
PixelHit 1462, 1009, 64.7019, 0
PixelHit 1462, 1010, 63.4656, 0
PixelHit 1464, 1008, 52.7687, 0
PixelHit 1465, 1010, 230.576, 0
PixelHit 1467, 1011, 104.966, 0
PixelHit 1472, 1008, 142.263, 0
PixelHit 1472, 1009, 85.7583, 0
PixelHit 1472, 1010, 168.358, 0
PixelHit 1472, 1011, 304.497, 0
PixelHit 1473, 1008, 122.52, 0
PixelHit 1473, 1009, 153.657, 0
PixelHit 1474, 1008, 93.711, 0
PixelHit 1476, 1009, 85.0096, 0
PixelHit 1477, 1006, 109.978, 0
PixelHit 1477, 1009, 110.59, 0
PixelHit 1477, 1010, 102.394, 0
PixelHit 1478, 1010, 168.594, 0
PixelHit 1479, 1007, 77.4009, 0
PixelHit 1479, 1008, 95.3088, 0
PixelHit 1479, 1009, 254.842, 0
PixelHit 1480, 1008, 309.761, 0
PixelHit 1480, 1009, 67.5112, 0
PixelHit 1481, 1010, 99.4992, 0
PixelHit 1482, 1011, 57.6009, 0
PixelHit 1483, 1008, 210.512, 0
PixelHit 1483, 1009, 197.843, 0
PixelHit 1484, 1008, 60.0123, 0
PixelHit 1485, 1009, 161.042, 0
PixelHit 1486, 1009, 132.627, 0
PixelHit 1487, 1008, 196.862, 0
PixelHit 1487, 1010, 134.484, 0
PixelHit 1493, 1009, 152.73, 0
PixelHit 1494, 1006, 91.585, 0
PixelHit 1494, 1007, 65.0014, 0
PixelHit 1494, 1009, 151.781, 0
PixelHit 1494, 1012, 162.532, 0
PixelHit 1496, 1007, 102.476, 0
PixelHit 1497, 1012, 308.071, 0
=== 90 ===
=== 91 ===
=== 92 ===
=== 93 ===
=== 94 ===
=== 95 ===
=== 96 ===
=== 97 ===
=== 98 ===
=== 99 ===
=== 100 ===
# 331 objects from 3 messages
