# Allpix Squared ASCII data - https://cern.ch/allpix-squared

=== 1 ===
=== 2 ===
=== 3 ===
=== 4 ===
=== 5 ===
=== 6 ===
--- mydetector ---
PixelHit 1250, 967, 42.1247, 0
PixelHit 1250, 968, 188.988, 0
PixelHit 1253, 967, 50.7067, 0
PixelHit 1254, 967, 118.903, 0
PixelHit 1255, 967, 281.908, 0
PixelHit 1257, 968, 92.4206, 0
PixelHit 1257, 969, 150.437, 0
PixelHit 1258, 967, 134.572, 0
PixelHit 1258, 968, 152.752, 0
PixelHit 1259, 968, 103.405, 0
PixelHit 1262, 968, 130.663, 0
PixelHit 1263, 966, 188.843, 0
PixelHit 1263, 968, 85.8417, 0
PixelHit 1264, 968, 111.977, 0
PixelHit 1267, 968, 260.683, 0
PixelHit 1269, 965, 196.956, 0
PixelHit 1269, 969, 65.6962, 0
PixelHit 1272, 967, 345.656, 0
PixelHit 1274, 966, 222.831, 0
PixelHit 1274, 968, 108.788, 0
PixelHit 1275, 966, 57.3326, 0
PixelHit 1275, 970, 100.639, 0
PixelHit 1276, 968, 172.679, 0
PixelHit 1276, 969, 56.0364, 0
PixelHit 1277, 969, 86.0333, 0
PixelHit 1278, 968, 142.859, 0
PixelHit 1280, 946, 79.3087, 0
PixelHit 1281, 946, 135.798, 0
PixelHit 1281, 947, 63.4384, 0
PixelHit 1281, 966, 240.24, 0
PixelHit 1281, 968, 111.737, 0
PixelHit 1282, 945, 148.598, 0
PixelHit 1282, 947, 131.718, 0
PixelHit 1282, 969, 168.283, 0
PixelHit 1283, 970, 119.394, 0
PixelHit 1285, 945, 130.767, 0
PixelHit 1285, 965, 99.6664, 0
PixelHit 1285, 967, 195.302, 0
PixelHit 1286, 946, 84.137, 0
PixelHit 1286, 966, 104.081, 0
PixelHit 1287, 945, 151.412, 0
PixelHit 1287, 946, 112.404, 0
PixelHit 1290, 945, 89.1221, 0
PixelHit 1290, 946, 112.599, 0
PixelHit 1290, 966, 174.191, 0
PixelHit 1291, 948, 136.891, 0
PixelHit 1291, 967, 69.7163, 0
PixelHit 1292, 946, 66.5514, 0
PixelHit 1292, 967, 63.0667, 0
PixelHit 1292, 968, 90.3434, 0
PixelHit 1293, 967, 113.681, 0
PixelHit 1293, 969, 123.103, 0
PixelHit 1294, 969, 83.294, 0
PixelHit 1294, 970, 75.9196, 0
PixelHit 1295, 948, 140.723, 0
PixelHit 1296, 968, 108.145, 0
PixelHit 1296, 970, 96.066, 0
PixelHit 1297, 946, 76.7905, 0
PixelHit 1297, 947, 135.729, 0
PixelHit 1297, 967, 110.177, 0
PixelHit 1298, 948, 107.938, 0
PixelHit 1298, 968, 63.7987, 0
PixelHit 1299, 948, 133.032, 0
PixelHit 1299, 967, 139.33, 0
PixelHit 1299, 968, 177.741, 0
PixelHit 1300, 947, 180.672, 0
PixelHit 1301, 945, 104.075, 0
PixelHit 1302, 969, 78.8788, 0
PixelHit 1303, 945, 76.3155, 0
PixelHit 1304, 946, 154.731, 0
PixelHit 1305, 946, 364.867, 0
PixelHit 1305, 947, 156.546, 0
PixelHit 1307, 946, 129.416, 0
PixelHit 1307, 947, 123.711, 0
PixelHit 1308, 945, 181.003, 0
PixelHit 1309, 945, 138.685, 0
PixelHit 1309, 947, 78.4929, 0
PixelHit 1311, 944, 56.0005, 0
PixelHit 1311, 947, 74.7554, 0
PixelHit 1312, 947, 133.062, 0
PixelHit 1313, 945, 95.967, 0
PixelHit 1313, 947, 179.625, 0
PixelHit 1314, 947, 122.708, 0
PixelHit 1315, 947, 154.647, 0
PixelHit 1316, 946, 74.4137, 0
PixelHit 1317, 945, 165.174, 0
PixelHit 1317, 946, 112, 0
PixelHit 1319, 945, 73.5436, 0
PixelHit 1320, 947, 93.1029, 0
PixelHit 1326, 948, 101.881, 0
=== 7 ===
--- mydetector ---
PixelHit 691, 947, 84.1329, 0
PixelHit 694, 946, 207.269, 0
PixelHit 694, 948, 105.915, 0
PixelHit 695, 945, 90.8871, 0
PixelHit 695, 947, 86.9981, 0
PixelHit 695, 948, 215.515, 0
PixelHit 696, 946, 186.113, 0
PixelHit 696, 948, 154.131, 0
PixelHit 697, 947, 83.8421, 0
PixelHit 697, 953, 70.7421, 0
PixelHit 699, 949, 142.051, 0
PixelHit 700, 950, 101.659, 0
PixelHit 701, 949, 182.804, 0
PixelHit 701, 951, 239.531, 0
PixelHit 702, 946, 69.3637, 0
PixelHit 702, 947, 125.071, 0
PixelHit 702, 949, 192.94, 0
PixelHit 702, 951, 145.073, 0
PixelHit 703, 949, 73.5456, 0
PixelHit 704, 947, 175.149, 0
PixelHit 704, 950, 87.9805, 0
PixelHit 704, 952, 81.0373, 0
PixelHit 707, 951, 136.451, 0
PixelHit 707, 953, 85.3376, 0
PixelHit 708, 952, 97.9407, 0
PixelHit 710, 951, 109.331, 0
PixelHit 710, 952, 56.707, 0
PixelHit 710, 954, 181.681, 0
PixelHit 710, 955, 126.391, 0
PixelHit 711, 953, 101.637, 0
PixelHit 712, 952, 63.9803, 0
PixelHit 712, 955, 52.872, 0
PixelHit 713, 953, 194.328, 0
PixelHit 713, 955, 70.3245, 0
PixelHit 714, 954, 118.911, 0
PixelHit 716, 954, 213.042, 0
PixelHit 716, 955, 148.231, 0
PixelHit 717, 957, 232.236, 0
PixelHit 718, 956, 244.746, 0
PixelHit 719, 956, 66.525, 0
PixelHit 725, 959, 131.603, 0
PixelHit 726, 960, 119.612, 0
PixelHit 1264, 969, 133.956, 0
PixelHit 1265, 968, 133.792, 0
PixelHit 1265, 969, 231.337, 0
PixelHit 1266, 968, 624.014, 0
PixelHit 1266, 969, 1170.42, 0
PixelHit 1266, 970, 180.03, 0
PixelHit 1267, 968, 135.896, 0
PixelHit 1267, 969, 160.145, 0
PixelHit 1268, 967, 136.139, 0
PixelHit 1268, 968, 118.336, 0
PixelHit 1269, 967, 63.6475, 0
PixelHit 1269, 969, 146.448, 0
PixelHit 1270, 968, 89.1819, 0
PixelHit 1270, 969, 122.224, 0
PixelHit 1271, 966, 143.504, 0
PixelHit 1273, 969, 76.9815, 0
PixelHit 1275, 969, 53.3912, 0
PixelHit 1277, 966, 92.9373, 0
PixelHit 1277, 969, 87.7526, 0
PixelHit 1278, 968, 100.205, 0
PixelHit 1278, 970, 88.7396, 0
PixelHit 1279, 966, 85.9373, 0
PixelHit 1279, 968, 166.863, 0
PixelHit 1279, 970, 133.229, 0
PixelHit 1280, 969, 66.6658, 0
PixelHit 1281, 967, 141.446, 0
PixelHit 1281, 969, 152.295, 0
PixelHit 1282, 967, 81.1663, 0
PixelHit 1282, 968, 123.768, 0
PixelHit 1283, 968, 48.0263, 0
PixelHit 1283, 970, 171.261, 0
PixelHit 1284, 967, 95.0329, 0
PixelHit 1286, 966, 123.967, 0
PixelHit 1286, 969, 145.999, 0
PixelHit 1286, 970, 144.305, 0
PixelHit 1287, 967, 186.653, 0
PixelHit 1287, 968, 231.14, 0
PixelHit 1288, 967, 83.5663, 0
PixelHit 1288, 970, 98.7835, 0
PixelHit 1289, 967, 155.097, 0
PixelHit 1289, 968, 166.184, 0
PixelHit 1289, 969, 139.327, 0
PixelHit 1289, 970, 82.768, 0
PixelHit 1290, 967, 191.802, 0
PixelHit 1290, 968, 117.954, 0
PixelHit 1291, 968, 196.101, 0
PixelHit 1291, 969, 137.991, 0
PixelHit 1291, 970, 61.586, 0
PixelHit 1293, 966, 61.6144, 0
PixelHit 1293, 970, 47.7838, 0
PixelHit 1294, 969, 154.783, 0
PixelHit 1294, 972, 74.8148, 0
PixelHit 1295, 967, 74.283, 0
PixelHit 1295, 968, 64.2107, 0
PixelHit 1295, 971, 56.0983, 0
PixelHit 1296, 968, 66.2741, 0
PixelHit 1296, 970, 70.4552, 0
PixelHit 1297, 968, 126.183, 0
PixelHit 1297, 969, 222.75, 0
PixelHit 1298, 968, 148.79, 0
PixelHit 1298, 969, 177.292, 0
PixelHit 1298, 971, 98.3713, 0
PixelHit 1299, 966, 59.8989, 0
PixelHit 1299, 967, 243.479, 0
PixelHit 1299, 968, 49.1063, 0
PixelHit 1299, 970, 121.293, 0
PixelHit 1299, 971, 76.9046, 0
PixelHit 1300, 966, 60.7194, 0
PixelHit 1300, 967, 47.0389, 0
PixelHit 1300, 971, 120.846, 0
PixelHit 1301, 969, 186.638, 0
PixelHit 1303, 967, 101.517, 0
PixelHit 1303, 969, 97.4336, 0
PixelHit 1304, 968, 213.516, 0
PixelHit 1305, 965, 58.1488, 0
PixelHit 1305, 968, 69.2508, 0
PixelHit 1305, 971, 153.875, 0
PixelHit 1306, 963, 181.364, 0
PixelHit 1307, 965, 86.2558, 0
PixelHit 1307, 970, 132.616, 0
PixelHit 1308, 967, 82.4021, 0
PixelHit 1309, 966, 144.509, 0
PixelHit 1309, 969, 90.1476, 0
PixelHit 1311, 965, 172.763, 0
PixelHit 1311, 967, 81.5094, 0
PixelHit 1312, 967, 182.112, 0
PixelHit 1312, 969, 151.126, 0
PixelHit 1313, 966, 80.4963, 0
PixelHit 1313, 967, 105.282, 0
PixelHit 1313, 971, 61.2817, 0
PixelHit 1314, 966, 70.9621, 0
PixelHit 1314, 967, 119.748, 0
PixelHit 1315, 964, 183.65, 0
PixelHit 1315, 966, 121.168, 0
PixelHit 1315, 970, 196.283, 0
PixelHit 1317, 968, 160.802, 0
PixelHit 1317, 969, 135.319, 0
=== 8 ===
=== 9 ===
=== 10 ===
=== 11 ===
=== 12 ===
=== 13 ===
=== 14 ===
=== 15 ===
=== 16 ===
=== 17 ===
=== 18 ===
=== 19 ===
=== 20 ===
=== 21 ===
=== 22 ===
=== 23 ===
=== 24 ===
=== 25 ===
=== 26 ===
=== 27 ===
=== 28 ===
=== 29 ===
=== 30 ===
=== 31 ===
=== 32 ===
=== 33 ===
=== 34 ===
=== 35 ===
=== 36 ===
=== 37 ===
=== 38 ===
=== 39 ===
=== 40 ===
=== 41 ===
=== 42 ===
=== 43 ===
=== 44 ===
=== 45 ===
=== 46 ===
=== 47 ===
=== 48 ===
=== 49 ===
=== 50 ===
=== 51 ===
=== 52 ===
=== 53 ===
=== 54 ===
=== 55 ===
=== 56 ===
=== 57 ===
=== 58 ===
=== 59 ===
=== 60 ===
=== 61 ===
=== 62 ===
=== 63 ===
=== 64 ===
=== 65 ===
=== 66 ===
=== 67 ===
=== 68 ===
=== 69 ===
=== 70 ===
=== 71 ===
=== 72 ===
=== 73 ===
=== 74 ===
=== 75 ===
=== 76 ===
=== 77 ===
=== 78 ===
--- mydetector ---
PixelHit 1269, 965, 73.4915, 0
PixelHit 1269, 966, 203.152, 0
PixelHit 1269, 967, 197.714, 0
PixelHit 1270, 966, 271.228, 0
PixelHit 1272, 965, 100.065, 0
PixelHit 1272, 967, 108.196, 0
PixelHit 1273, 966, 122.381, 0
PixelHit 1274, 965, 85.3673, 0
PixelHit 1274, 966, 93.0383, 0
PixelHit 1276, 965, 94.5712, 0
PixelHit 1276, 966, 198.92, 0
PixelHit 1278, 966, 199.086, 0
PixelHit 1280, 965, 123.704, 0
PixelHit 1280, 966, 46.8678, 0
PixelHit 1283, 964, 128.8, 0
PixelHit 1283, 966, 77.344, 0
PixelHit 1284, 953, 51.5151, 0
PixelHit 1285, 954, 148.921, 0
PixelHit 1286, 953, 91.123, 0
PixelHit 1286, 965, 178.962, 0
PixelHit 1287, 967, 63.3801, 0
PixelHit 1288, 953, 60.1909, 0
PixelHit 1288, 966, 145.169, 0
PixelHit 1289, 963, 253.626, 0
PixelHit 1289, 965, 119.408, 0
PixelHit 1289, 968, 57.2954, 0
PixelHit 1290, 965, 140.809, 0
PixelHit 1290, 966, 142.635, 0
PixelHit 1291, 953, 72.7092, 0
PixelHit 1291, 954, 141.077, 0
PixelHit 1291, 966, 120.529, 0
PixelHit 1292, 954, 151.564, 0
PixelHit 1292, 968, 92.6041, 0
PixelHit 1293, 965, 151.561, 0
PixelHit 1294, 953, 231.361, 0
PixelHit 1295, 968, 179.967, 0
PixelHit 1296, 966, 78.1139, 0
PixelHit 1297, 964, 208.989, 0
PixelHit 1297, 967, 185.725, 0
PixelHit 1298, 968, 96.3299, 0
PixelHit 1300, 965, 227.497, 0
PixelHit 1301, 966, 223.343, 0
PixelHit 1302, 954, 109.595, 0
PixelHit 1302, 967, 82.8807, 0
PixelHit 1303, 966, 133.9, 0
PixelHit 1303, 969, 104.099, 0
PixelHit 1304, 954, 69.9649, 0
PixelHit 1305, 964, 92.9483, 0
PixelHit 1305, 965, 227.786, 0
PixelHit 1305, 967, 79.1469, 0
PixelHit 1306, 954, 175.988, 0
PixelHit 1306, 967, 77.9381, 0
PixelHit 1306, 968, 223.59, 0
PixelHit 1307, 952, 58.3468, 0
PixelHit 1307, 955, 55.0142, 0
PixelHit 1307, 963, 103.441, 0
PixelHit 1307, 965, 280.073, 0
PixelHit 1308, 968, 81.6915, 0
PixelHit 1309, 953, 66.8033, 0
PixelHit 1309, 954, 291.745, 0
PixelHit 1309, 955, 186.108, 0
PixelHit 1309, 966, 90.629, 0
PixelHit 1310, 953, 183.052, 0
PixelHit 1310, 954, 156.296, 0
PixelHit 1310, 955, 60.9878, 0
PixelHit 1310, 957, 82.9105, 0
PixelHit 1310, 964, 179.63, 0
PixelHit 1310, 965, 73.6212, 0
PixelHit 1310, 967, 155.5, 0
PixelHit 1311, 952, 64.2476, 0
PixelHit 1311, 953, 246.832, 0
PixelHit 1311, 954, 462.304, 0
PixelHit 1311, 955, 219.507, 0
PixelHit 1311, 956, 67.5401, 0
PixelHit 1311, 966, 73.1739, 0
PixelHit 1312, 951, 86.4051, 0
PixelHit 1312, 952, 343.682, 0
PixelHit 1312, 953, 242.993, 0
PixelHit 1312, 954, 403.795, 0
PixelHit 1312, 955, 77.6947, 0
PixelHit 1312, 965, 157.453, 0
PixelHit 1312, 967, 170.744, 0
PixelHit 1312, 968, 81.9759, 0
PixelHit 1313, 952, 274.641, 0
PixelHit 1313, 953, 278.519, 0
PixelHit 1313, 954, 152.872, 0
PixelHit 1313, 955, 88.2544, 0
PixelHit 1313, 957, 78.377, 0
PixelHit 1313, 960, 106.905, 0
PixelHit 1314, 953, 121.32, 0
PixelHit 1314, 955, 76.1035, 0
PixelHit 1314, 964, 116.267, 0
PixelHit 1314, 967, 270.493, 0
PixelHit 1314, 968, 107.163, 0
PixelHit 1315, 954, 62.8712, 0
PixelHit 1315, 956, 134.966, 0
PixelHit 1315, 965, 52.5951, 0
PixelHit 1315, 966, 196.364, 0
PixelHit 1316, 955, 132.91, 0
PixelHit 1316, 956, 107.578, 0
PixelHit 1316, 965, 161.837, 0
PixelHit 1316, 966, 151.021, 0
PixelHit 1316, 968, 155.943, 0
PixelHit 1317, 954, 174.024, 0
PixelHit 1317, 965, 78.9562, 0
PixelHit 1318, 954, 77.69, 0
PixelHit 1318, 967, 109.063, 0
PixelHit 1319, 953, 45.4403, 0
PixelHit 1319, 954, 127.094, 0
PixelHit 1319, 967, 82.7947, 0
PixelHit 1320, 952, 183.589, 0
PixelHit 1321, 954, 48.7814, 0
PixelHit 1322, 954, 73.7018, 0
PixelHit 1323, 954, 75.0367, 0
PixelHit 1323, 955, 162.115, 0
PixelHit 1323, 956, 107.446, 0
PixelHit 1324, 952, 126.372, 0
PixelHit 1327, 950, 232.671, 0
PixelHit 1327, 953, 126.153, 0
PixelHit 1327, 954, 278.974, 0
PixelHit 1327, 956, 72.5559, 0
PixelHit 1328, 951, 91.4678, 0
PixelHit 1328, 953, 97.0959, 0
PixelHit 1328, 954, 54.2615, 0
PixelHit 1328, 955, 85.3072, 0
PixelHit 1328, 956, 120.06, 0
PixelHit 1329, 956, 188.629, 0
PixelHit 1330, 953, 62.7118, 0
PixelHit 1331, 954, 50.494, 0
PixelHit 1331, 955, 184.938, 0
=== 79 ===
=== 80 ===
=== 81 ===
=== 82 ===
=== 83 ===
=== 84 ===
=== 85 ===
=== 86 ===
=== 87 ===
=== 88 ===
=== 89 ===
=== 90 ===
=== 91 ===
--- mydetector ---
PixelHit 1277, 964, 275.294, 0
PixelHit 1277, 965, 251.693, 0
PixelHit 1277, 994, 180.135, 0
PixelHit 1279, 964, 322.696, 0
PixelHit 1279, 994, 88.3379, 0
PixelHit 1281, 995, 147.402, 0
PixelHit 1283, 964, 208.84, 0
PixelHit 1283, 966, 159.34, 0
PixelHit 1284, 965, 193.58, 0
PixelHit 1284, 993, 53.4941, 0
PixelHit 1285, 964, 249.481, 0
PixelHit 1285, 965, 161.301, 0
PixelHit 1285, 993, 190.615, 0
PixelHit 1286, 963, 272.798, 0
PixelHit 1286, 964, 134.268, 0
PixelHit 1286, 993, 344.93, 0
PixelHit 1287, 963, 212.132, 0
PixelHit 1287, 964, 94.6728, 0
PixelHit 1287, 993, 96.2513, 0
PixelHit 1288, 964, 129.188, 0
PixelHit 1288, 965, 230.407, 0
PixelHit 1288, 994, 146.498, 0
PixelHit 1289, 964, 409.323, 0
PixelHit 1289, 965, 61.7942, 0
PixelHit 1289, 966, 129.718, 0
PixelHit 1289, 994, 153.871, 0
PixelHit 1290, 963, 85.9465, 0
PixelHit 1290, 964, 127.655, 0
PixelHit 1290, 965, 158.956, 0
PixelHit 1291, 965, 94.6397, 0
PixelHit 1291, 994, 71.0585, 0
PixelHit 1292, 964, 155.338, 0
PixelHit 1293, 993, 78.195, 0
PixelHit 1293, 994, 210.609, 0
PixelHit 1294, 964, 166.084, 0
PixelHit 1294, 965, 76.6939, 0
PixelHit 1294, 993, 186.447, 0
PixelHit 1295, 965, 264.202, 0
PixelHit 1295, 993, 115.508, 0
PixelHit 1295, 994, 74.5191, 0
PixelHit 1295, 995, 186.531, 0
PixelHit 1295, 997, 194.569, 0
PixelHit 1296, 965, 48.98, 0
PixelHit 1296, 992, 268.099, 0
PixelHit 1296, 994, 135.123, 0
PixelHit 1296, 995, 384.032, 0
PixelHit 1296, 996, 574.393, 0
PixelHit 1296, 997, 90.6779, 0
PixelHit 1297, 964, 180.817, 0
PixelHit 1297, 965, 215.796, 0
PixelHit 1297, 993, 309.188, 0
PixelHit 1297, 994, 447.167, 0
PixelHit 1297, 995, 1082.69, 0
PixelHit 1297, 996, 321.118, 0
PixelHit 1297, 997, 299.689, 0
PixelHit 1298, 993, 94.9242, 0
PixelHit 1298, 994, 413.117, 0
PixelHit 1298, 995, 102.061, 0
PixelHit 1298, 996, 187.915, 0
PixelHit 1299, 965, 80.892, 0
PixelHit 1299, 992, 157.401, 0
PixelHit 1299, 994, 72.3463, 0
PixelHit 1299, 996, 169.042, 0
PixelHit 1300, 993, 121.241, 0
PixelHit 1300, 995, 182.831, 0
PixelHit 1301, 963, 74.333, 0
PixelHit 1301, 964, 249.794, 0
PixelHit 1301, 992, 128.506, 0
PixelHit 1301, 993, 132.285, 0
PixelHit 1301, 994, 228.798, 0
PixelHit 1302, 963, 104.905, 0
PixelHit 1302, 964, 68.212, 0
PixelHit 1302, 993, 75.2452, 0
PixelHit 1302, 996, 319.047, 0
PixelHit 1303, 966, 150.981, 0
PixelHit 1303, 991, 64.0574, 0
PixelHit 1303, 993, 65.2586, 0
PixelHit 1303, 995, 163.542, 0
PixelHit 1304, 962, 128.831, 0
PixelHit 1305, 993, 253.089, 0
PixelHit 1306, 964, 51.0722, 0
PixelHit 1306, 965, 85.234, 0
PixelHit 1306, 966, 215.606, 0
PixelHit 1306, 967, 75.0435, 0
PixelHit 1306, 993, 260.465, 0
PixelHit 1307, 963, 113.752, 0
PixelHit 1307, 964, 109.801, 0
PixelHit 1307, 965, 216.581, 0
PixelHit 1308, 963, 168.058, 0
PixelHit 1308, 966, 82.0794, 0
PixelHit 1308, 992, 85.0686, 0
PixelHit 1308, 995, 114.417, 0
PixelHit 1309, 965, 163.164, 0
PixelHit 1309, 966, 49.6293, 0
PixelHit 1309, 992, 167.273, 0
PixelHit 1309, 993, 255.371, 0
PixelHit 1309, 996, 141.22, 0
PixelHit 1310, 964, 154.99, 0
PixelHit 1310, 965, 134.804, 0
PixelHit 1310, 966, 123.777, 0
PixelHit 1310, 993, 81.1869, 0
PixelHit 1310, 994, 78.405, 0
PixelHit 1311, 993, 208.704, 0
PixelHit 1312, 966, 107.727, 0
PixelHit 1313, 963, 121.529, 0
PixelHit 1313, 991, 87.2448, 0
PixelHit 1314, 993, 204.386, 0
PixelHit 1315, 967, 87.738, 0
PixelHit 1315, 991, 105.603, 0
PixelHit 1315, 992, 57.9403, 0
PixelHit 1315, 994, 57.0342, 0
PixelHit 1315, 996, 97.4909, 0
PixelHit 1316, 963, 46.5835, 0
PixelHit 1316, 966, 102.371, 0
PixelHit 1316, 995, 141.227, 0
PixelHit 1317, 968, 146.863, 0
PixelHit 1317, 991, 99.2984, 0
PixelHit 1317, 993, 128.703, 0
PixelHit 1317, 994, 142.801, 0
PixelHit 1317, 996, 79.7096, 0
PixelHit 1318, 963, 103.818, 0
PixelHit 1318, 993, 97.6948, 0
PixelHit 1318, 994, 74.4321, 0
PixelHit 1319, 962, 184.241, 0
PixelHit 1319, 964, 106.108, 0
PixelHit 1319, 965, 102.468, 0
PixelHit 1319, 995, 130.568, 0
PixelHit 1320, 964, 124.877, 0
PixelHit 1320, 995, 119.342, 0
PixelHit 1321, 966, 329.664, 0
PixelHit 1321, 990, 98.1822, 0
PixelHit 1322, 964, 74.0266, 0
PixelHit 1322, 992, 130.158, 0
PixelHit 1322, 994, 54.4628, 0
PixelHit 1323, 966, 59.5853, 0
PixelHit 1323, 991, 91.9819, 0
PixelHit 1323, 995, 94.26, 0
PixelHit 1325, 963, 290.685, 0
PixelHit 1325, 965, 161.711, 0
PixelHit 1326, 962, 105.316, 0
PixelHit 1326, 967, 105.327, 0
PixelHit 1326, 990, 106.546, 0
PixelHit 1326, 994, 70.1307, 0
PixelHit 1327, 965, 48.1754, 0
PixelHit 1327, 995, 110.678, 0
PixelHit 1327, 996, 69.7551, 0
PixelHit 1330, 990, 87.8248, 0
=== 92 ===
=== 93 ===
=== 94 ===
=== 95 ===
=== 96 ===
=== 97 ===
=== 98 ===
=== 99 ===
=== 100 ===
# 506 objects from 4 messages
