# Allpix Squared ASCII data - https://cern.ch/allpix-squared

=== 1 ===
=== 2 ===
=== 3 ===
=== 4 ===
=== 5 ===
=== 6 ===
=== 7 ===
=== 8 ===
=== 9 ===
=== 10 ===
=== 11 ===
=== 12 ===
=== 13 ===
=== 14 ===
=== 15 ===
=== 16 ===
=== 17 ===
=== 18 ===
=== 19 ===
--- mydetector ---
PixelHit 470, 500, 172.634, 0
PixelHit 471, 499, 162.998, 0
PixelHit 473, 499, 96.1344, 0
PixelHit 474, 499, 192.508, 0
PixelHit 475, 498, 339.516, 0
PixelHit 476, 498, 191.531, 0
PixelHit 477, 498, 221.121, 0
PixelHit 479, 498, 224.345, 0
PixelHit 480, 497, 74.2525, 0
PixelHit 482, 497, 157.292, 0
PixelHit 482, 498, 82.5759, 0
PixelHit 483, 496, 119.374, 0
PixelHit 483, 498, 287.845, 0
PixelHit 484, 496, 56.4452, 0
PixelHit 484, 497, 143.591, 0
PixelHit 485, 497, 109.116, 0
PixelHit 488, 495, 134.891, 0
PixelHit 488, 496, 79.3395, 0
PixelHit 488, 497, 373.109, 0
PixelHit 490, 496, 358.568, 0
PixelHit 490, 497, 159.111, 0
PixelHit 491, 496, 117.113, 0
PixelHit 493, 495, 246.797, 0
PixelHit 495, 494, 122.031, 0
PixelHit 496, 494, 96.1505, 0
PixelHit 496, 495, 110.946, 0
PixelHit 498, 494, 88.5673, 0
PixelHit 499, 494, 308.707, 0
PixelHit 499, 496, 115.871, 0
PixelHit 500, 495, 242.679, 0
PixelHit 501, 493, 178.761, 0
PixelHit 501, 494, 80.7933, 0
PixelHit 501, 495, 55.2525, 0
PixelHit 502, 494, 65.1094, 0
PixelHit 502, 495, 91.4051, 0
PixelHit 503, 493, 111.942, 0
PixelHit 504, 493, 268.89, 0
PixelHit 505, 492, 143.505, 0
PixelHit 506, 490, 93.8971, 0
PixelHit 511, 491, 65.1294, 0
PixelHit 514, 490, 108.439, 0
PixelHit 516, 489, 61.6315, 0
PixelHit 516, 491, 175.974, 0
PixelHit 519, 493, 162.718, 0
PixelHit 520, 488, 111.184, 0
PixelHit 520, 493, 119.441, 0
PixelHit 522, 489, 217.528, 0
PixelHit 523, 488, 101.949, 0
PixelHit 523, 489, 81.7682, 0
PixelHit 523, 490, 377.594, 0
PixelHit 523, 492, 148.704, 0
PixelHit 523, 493, 136.99, 0
PixelHit 524, 486, 183.296, 0
PixelHit 524, 491, 85.127, 0
PixelHit 524, 492, 340.948, 0
PixelHit 525, 489, 189.871, 0
PixelHit 526, 488, 144.821, 0
PixelHit 527, 489, 202.651, 0
PixelHit 527, 490, 102.624, 0
PixelHit 527, 491, 128.058, 0
PixelHit 529, 487, 98.0429, 0
PixelHit 529, 488, 318.308, 0
PixelHit 529, 489, 110.701, 0
PixelHit 529, 490, 160.044, 0
PixelHit 529, 493, 286.991, 0
PixelHit 531, 486, 148.282, 0
PixelHit 531, 488, 69.3819, 0
PixelHit 531, 489, 65.4144, 0
PixelHit 531, 492, 165.263, 0
PixelHit 532, 486, 68.5279, 0
PixelHit 534, 488, 121.194, 0
PixelHit 535, 487, 74.4731, 0
PixelHit 537, 488, 230.967, 0
PixelHit 538, 489, 58.1014, 0
PixelHit 1448, 799, 77.4995, 0
PixelHit 1450, 799, 97.5632, 0
PixelHit 1451, 798, 258.368, 0
PixelHit 1451, 799, 203.07, 0
PixelHit 1452, 798, 104.569, 0
PixelHit 1453, 797, 288.854, 0
PixelHit 1455, 797, 104.532, 0
PixelHit 1456, 796, 69.7951, 0
PixelHit 1456, 798, 169.693, 0
PixelHit 1457, 796, 114.485, 0
PixelHit 1457, 797, 272.145, 0
PixelHit 1458, 797, 294.128, 0
PixelHit 1460, 796, 95.0999, 0
PixelHit 1460, 798, 162.64, 0
PixelHit 1463, 795, 80.1498, 0
PixelHit 1465, 794, 207.703, 0
PixelHit 1466, 794, 55.3114, 0
PixelHit 1467, 794, 95.446, 0
PixelHit 1467, 795, 207.386, 0
PixelHit 1468, 794, 108.022, 0
PixelHit 1468, 795, 54.7921, 0
PixelHit 1469, 794, 187.885, 0
PixelHit 1470, 792, 90.4723, 0
PixelHit 1470, 793, 143.56, 0
PixelHit 1470, 794, 92.9584, 0
PixelHit 1471, 793, 134.318, 0
PixelHit 1471, 795, 96.4273, 0
PixelHit 1472, 792, 106.888, 0
PixelHit 1472, 793, 49.1426, 0
PixelHit 1472, 794, 141.948, 0
PixelHit 1472, 795, 124.242, 0
PixelHit 1474, 791, 214.711, 0
PixelHit 1474, 793, 90.7044, 0
PixelHit 1474, 794, 152.184, 0
PixelHit 1475, 793, 99.305, 0
PixelHit 1477, 793, 100.153, 0
PixelHit 1480, 788, 179.636, 0
PixelHit 1481, 790, 287.593, 0
PixelHit 1486, 790, 128.819, 0
PixelHit 1487, 787, 88.0125, 0
PixelHit 1488, 788, 66.9596, 0
PixelHit 1490, 789, 58.1183, 0
PixelHit 1492, 786, 152.028, 0
PixelHit 1492, 788, 80.2355, 0
PixelHit 1494, 789, 288.032, 0
PixelHit 1495, 790, 99.5461, 0
PixelHit 1497, 787, 151.039, 0
PixelHit 1497, 788, 118.6, 0
PixelHit 1499, 784, 55.6795, 0
PixelHit 1499, 785, 92.909, 0
PixelHit 1499, 787, 201.059, 0
PixelHit 1501, 788, 118.454, 0
=== 20 ===
=== 21 ===
=== 22 ===
=== 23 ===
=== 24 ===
--- mydetector ---
PixelHit 0, 1557, 186.794, 0
PixelHit 0, 1558, 241.951, 0
PixelHit 1, 1555, 163.592, 0
PixelHit 1, 1556, 52.4497, 0
PixelHit 1, 1557, 183.779, 0
PixelHit 3, 1555, 40.4432, 0
PixelHit 3, 1557, 64.6124, 0
PixelHit 5, 1553, 175.112, 0
PixelHit 7, 1554, 56.7733, 0
PixelHit 7, 1556, 116.294, 0
PixelHit 8, 1555, 134.37, 0
PixelHit 9, 1551, 67.0528, 0
PixelHit 10, 1555, 90.0444, 0
PixelHit 12, 1552, 167.852, 0
PixelHit 12, 1553, 169.253, 0
PixelHit 13, 1552, 220.783, 0
PixelHit 13, 1556, 134.081, 0
PixelHit 14, 1555, 117.539, 0
PixelHit 15, 1552, 64.1995, 0
PixelHit 16, 1551, 213.33, 0
PixelHit 17, 1554, 59.8647, 0
PixelHit 19, 1549, 103.953, 0
PixelHit 19, 1552, 197.162, 0
PixelHit 20, 1549, 144.172, 0
PixelHit 20, 1550, 138.145, 0
PixelHit 20, 1553, 82.7583, 0
=== 25 ===
=== 26 ===
=== 27 ===
=== 28 ===
=== 29 ===
=== 30 ===
=== 31 ===
--- mydetector ---
PixelHit 1178, 218, 127.743, 0
PixelHit 1179, 218, 155.168, 0
PixelHit 1180, 217, 200.226, 0
PixelHit 1180, 218, 112.119, 0
PixelHit 1181, 217, 68.8055, 0
PixelHit 1184, 216, 74.5686, 0
PixelHit 1185, 217, 87.7731, 0
PixelHit 1187, 216, 99.8049, 0
PixelHit 1188, 216, 53.8903, 0
PixelHit 1189, 217, 67.7241, 0
PixelHit 1191, 217, 106.814, 0
PixelHit 1193, 215, 75.3372, 0
PixelHit 1194, 215, 123.583, 0
PixelHit 1196, 215, 138.55, 0
PixelHit 1197, 215, 287.023, 0
PixelHit 1198, 214, 66.2977, 0
PixelHit 1200, 213, 67.0095, 0
PixelHit 1200, 214, 147.363, 0
PixelHit 1201, 214, 154.989, 0
PixelHit 1201, 215, 120.904, 0
PixelHit 1202, 213, 133.895, 0
PixelHit 1203, 214, 49.8995, 0
PixelHit 1204, 213, 79.3143, 0
PixelHit 1205, 213, 69.4162, 0
PixelHit 1206, 213, 167.768, 0
PixelHit 1207, 213, 88.9468, 0
PixelHit 1209, 211, 162.337, 0
PixelHit 1209, 212, 49.1777, 0
PixelHit 1209, 213, 261.803, 0
PixelHit 1210, 215, 97.6327, 0
PixelHit 1211, 214, 91.3055, 0
PixelHit 1213, 211, 218.678, 0
PixelHit 1213, 213, 52.2314, 0
PixelHit 1215, 212, 55.5152, 0
PixelHit 1216, 212, 99.817, 0
PixelHit 1217, 207, 99.8028, 0
PixelHit 1218, 210, 219.852, 0
PixelHit 1219, 212, 191.99, 0
PixelHit 1220, 210, 185.535, 0
PixelHit 1220, 212, 306.44, 0
PixelHit 1220, 214, 65.8195, 0
PixelHit 1221, 209, 76.8391, 0
PixelHit 1221, 210, 140.052, 0
PixelHit 1221, 211, 58.4368, 0
PixelHit 1221, 212, 263.711, 0
PixelHit 1222, 208, 64.0852, 0
PixelHit 1222, 210, 129.322, 0
PixelHit 1222, 211, 117.695, 0
PixelHit 1223, 209, 135.492, 0
PixelHit 1224, 211, 99.6116, 0
PixelHit 1224, 212, 51.2739, 0
PixelHit 1225, 207, 180.407, 0
PixelHit 1226, 210, 71.4276, 0
PixelHit 1227, 208, 254.332, 0
PixelHit 1228, 209, 208.503, 0
PixelHit 1229, 206, 137.082, 0
PixelHit 1230, 206, 92.1602, 0
PixelHit 1230, 208, 126.668, 0
PixelHit 1230, 209, 101.86, 0
PixelHit 1230, 210, 51.4928, 0
PixelHit 1231, 207, 57.5765, 0
PixelHit 1231, 208, 51.927, 0
PixelHit 1231, 209, 68.761, 0
PixelHit 1231, 210, 134.961, 0
PixelHit 1232, 207, 119.376, 0
PixelHit 1232, 208, 260.352, 0
PixelHit 1233, 207, 262.666, 0
PixelHit 1233, 209, 48.5559, 0
PixelHit 1234, 207, 111.672, 0
PixelHit 1234, 208, 265.31, 0
PixelHit 1235, 207, 236.714, 0
PixelHit 1236, 209, 146.778, 0
PixelHit 1237, 205, 259.693, 0
PixelHit 1237, 207, 67.0788, 0
PixelHit 1239, 207, 53.5163, 0
PixelHit 1239, 208, 91.734, 0
PixelHit 1241, 207, 270.472, 0
=== 32 ===
=== 33 ===
=== 34 ===
=== 35 ===
=== 36 ===
=== 37 ===
=== 38 ===
=== 39 ===
=== 40 ===
=== 41 ===
=== 42 ===
=== 43 ===
=== 44 ===
=== 45 ===
=== 46 ===
=== 47 ===
=== 48 ===
=== 49 ===
=== 50 ===
=== 51 ===
=== 52 ===
=== 53 ===
=== 54 ===
=== 55 ===
=== 56 ===
=== 57 ===
=== 58 ===
=== 59 ===
=== 60 ===
=== 61 ===
=== 62 ===
=== 63 ===
=== 64 ===
=== 65 ===
=== 66 ===
=== 67 ===
=== 68 ===
=== 69 ===
=== 70 ===
=== 71 ===
=== 72 ===
=== 73 ===
=== 74 ===
=== 75 ===
=== 76 ===
=== 77 ===
=== 78 ===
=== 79 ===
=== 80 ===
=== 81 ===
--- mydetector ---
PixelHit 2158, 989, 157.991, 0
PixelHit 2158, 990, 86.5008, 0
PixelHit 2163, 988, 100.38, 0
PixelHit 2165, 988, 229.138, 0
PixelHit 2168, 987, 56.2427, 0
PixelHit 2169, 987, 123.822, 0
PixelHit 2171, 985, 204.512, 0
PixelHit 2171, 986, 269.438, 0
PixelHit 2173, 986, 107.918, 0
PixelHit 2174, 986, 166.07, 0
PixelHit 2177, 983, 69.5178, 0
PixelHit 2178, 982, 164.31, 0
PixelHit 2178, 984, 232.187, 0
PixelHit 2179, 984, 85.3512, 0
PixelHit 2180, 984, 112.146, 0
PixelHit 2182, 982, 205.785, 0
PixelHit 2184, 981, 248.127, 0
PixelHit 2185, 980, 71.8888, 0
PixelHit 2185, 983, 79.9429, 0
PixelHit 2186, 983, 97.3272, 0
PixelHit 2188, 980, 104.415, 0
PixelHit 2189, 980, 76.411, 0
PixelHit 2190, 979, 84.7588, 0
PixelHit 2190, 981, 85.1673, 0
PixelHit 2193, 978, 99.6123, 0
PixelHit 2193, 979, 99.3007, 0
PixelHit 2194, 978, 262.277, 0
PixelHit 2194, 979, 233.68, 0
PixelHit 2195, 977, 116.299, 0
PixelHit 2195, 981, 164.885, 0
PixelHit 2196, 979, 308.481, 0
PixelHit 2197, 977, 52.9639, 0
PixelHit 2197, 978, 75.3759, 0
PixelHit 2197, 979, 74.7292, 0
PixelHit 2198, 974, 98.0737, 0
PixelHit 2198, 975, 178.592, 0
PixelHit 2198, 976, 265.774, 0
PixelHit 2199, 974, 286.971, 0
PixelHit 2199, 977, 93.0024, 0
PixelHit 2200, 974, 222.434, 0
PixelHit 2202, 977, 52.1996, 0
PixelHit 2205, 972, 145.369, 0
PixelHit 2208, 974, 171.189, 0
PixelHit 2209, 971, 80.0743, 0
PixelHit 2209, 972, 105.517, 0
PixelHit 2209, 973, 159.34, 0
PixelHit 2210, 976, 175.615, 0
PixelHit 2211, 971, 245.294, 0
PixelHit 2211, 972, 93.7637, 0
PixelHit 2211, 975, 77.7914, 0
PixelHit 2212, 974, 143.982, 0
PixelHit 2212, 975, 137.984, 0
=== 82 ===
=== 83 ===
=== 84 ===
--- mydetector ---
PixelHit 894, 1426, 71.0936, 0
PixelHit 896, 1425, 87.4459, 0
PixelHit 897, 1424, 184.865, 0
PixelHit 897, 1425, 230.185, 0
PixelHit 899, 1425, 60.3469, 0
PixelHit 902, 1424, 62.5725, 0
PixelHit 904, 1422, 147.854, 0
PixelHit 904, 1423, 206.373, 0
PixelHit 905, 1421, 117.38, 0
PixelHit 907, 1422, 172.766, 0
PixelHit 910, 1420, 138.007, 0
PixelHit 912, 1418, 102.75, 0
PixelHit 912, 1420, 64.6732, 0
PixelHit 912, 1421, 55.4465, 0
PixelHit 913, 1419, 94.8966, 0
PixelHit 918, 1415, 115.285, 0
PixelHit 919, 1416, 99.4562, 0
PixelHit 920, 1417, 178.004, 0
PixelHit 923, 1413, 207.168, 0
PixelHit 923, 1415, 168.353, 0
PixelHit 925, 1414, 84.9147, 0
PixelHit 927, 1415, 146.825, 0
PixelHit 927, 1417, 102.205, 0
PixelHit 928, 1415, 75.4231, 0
PixelHit 932, 1413, 197.238, 0
PixelHit 933, 1414, 97.3712, 0
PixelHit 934, 1409, 87.0473, 0
PixelHit 934, 1411, 81.72, 0
PixelHit 934, 1413, 138.821, 0
PixelHit 935, 1409, 207.781, 0
PixelHit 935, 1411, 128.95, 0
PixelHit 935, 1412, 220.946, 0
PixelHit 936, 1413, 114.029, 0
PixelHit 938, 1410, 42.3513, 0
PixelHit 940, 1410, 111.858, 0
PixelHit 940, 1411, 125.09, 0
PixelHit 941, 1407, 96.6312, 0
PixelHit 941, 1410, 50.6023, 0
PixelHit 943, 1407, 152.892, 0
PixelHit 944, 1406, 87.2947, 0
PixelHit 944, 1407, 191.65, 0
PixelHit 945, 1406, 115.279, 0
PixelHit 945, 1409, 228.262, 0
PixelHit 946, 1405, 70.1682, 0
PixelHit 946, 1407, 49.6981, 0
PixelHit 946, 1408, 64.3594, 0
PixelHit 946, 1410, 210.134, 0
PixelHit 947, 1407, 84.5201, 0
PixelHit 948, 1405, 144.595, 0
PixelHit 949, 1408, 210.434, 0
PixelHit 950, 1404, 140.816, 0
PixelHit 950, 1408, 79.9296, 0
PixelHit 951, 1406, 54.2881, 0
PixelHit 952, 1403, 153.428, 0
PixelHit 952, 1404, 79.7805, 0
PixelHit 952, 1406, 190.853, 0
PixelHit 953, 1403, 57.2543, 0
PixelHit 953, 1404, 113.472, 0
PixelHit 953, 1406, 210.474, 0
PixelHit 953, 1407, 151.791, 0
PixelHit 954, 1404, 193.266, 0
PixelHit 954, 1405, 87.8857, 0
PixelHit 954, 1407, 216.089, 0
PixelHit 955, 1401, 76.3384, 0
PixelHit 955, 1404, 65.1754, 0
PixelHit 956, 1404, 156.352, 0
PixelHit 956, 1405, 73.6621, 0
PixelHit 956, 1407, 104.306, 0
PixelHit 959, 1398, 155.92, 0
=== 85 ===
=== 86 ===
=== 87 ===
=== 88 ===
=== 89 ===
=== 90 ===
=== 91 ===
=== 92 ===
=== 93 ===
=== 94 ===
=== 95 ===
=== 96 ===
=== 97 ===
=== 98 ===
=== 99 ===
=== 100 ===
=== 101 ===
=== 102 ===
=== 103 ===
=== 104 ===
=== 105 ===
=== 106 ===
=== 107 ===
=== 108 ===
=== 109 ===
=== 110 ===
=== 111 ===
=== 112 ===
=== 113 ===
=== 114 ===
=== 115 ===
=== 116 ===
=== 117 ===
=== 118 ===
=== 119 ===
=== 120 ===
=== 121 ===
=== 122 ===
=== 123 ===
=== 124 ===
=== 125 ===
=== 126 ===
=== 127 ===
=== 128 ===
=== 129 ===
=== 130 ===
=== 131 ===
=== 132 ===
=== 133 ===
=== 134 ===
=== 135 ===
=== 136 ===
=== 137 ===
=== 138 ===
=== 139 ===
=== 140 ===
=== 141 ===
=== 142 ===
=== 143 ===
=== 144 ===
=== 145 ===
=== 146 ===
=== 147 ===
=== 148 ===
=== 149 ===
=== 150 ===
=== 151 ===
=== 152 ===
=== 153 ===
=== 154 ===
=== 155 ===
=== 156 ===
=== 157 ===
=== 158 ===
=== 159 ===
=== 160 ===
=== 161 ===
=== 162 ===
=== 163 ===
=== 164 ===
--- mydetector ---
PixelHit 800, 1612, 175.203, 0
PixelHit 802, 1612, 47.5255, 0
PixelHit 803, 1610, 114.532, 0
PixelHit 805, 1609, 158.369, 0
PixelHit 805, 1611, 293.983, 0
PixelHit 806, 1610, 139.444, 0
PixelHit 808, 1609, 139.325, 0
PixelHit 810, 1607, 123.819, 0
PixelHit 811, 1607, 116.632, 0
PixelHit 811, 1608, 121.508, 0
PixelHit 813, 1607, 69.9045, 0
PixelHit 814, 1606, 158.343, 0
PixelHit 815, 1606, 182.605, 0
PixelHit 817, 1605, 100.706, 0
PixelHit 818, 1605, 87.5316, 0
PixelHit 821, 1602, 77.5356, 0
PixelHit 821, 1604, 53.7727, 0
PixelHit 823, 1602, 251.734, 0
PixelHit 823, 1603, 157.388, 0
PixelHit 824, 1600, 93.8712, 0
PixelHit 824, 1602, 84.1728, 0
PixelHit 824, 1603, 162.649, 0
PixelHit 825, 1602, 73.9284, 0
PixelHit 825, 1603, 132.032, 0
PixelHit 826, 1600, 110.656, 0
PixelHit 826, 1602, 112.863, 0
PixelHit 827, 1601, 115.206, 0
PixelHit 827, 1603, 157.982, 0
PixelHit 829, 1599, 201.264, 0
PixelHit 832, 1599, 53.63, 0
PixelHit 834, 1600, 190.08, 0
PixelHit 836, 1595, 199.762, 0
PixelHit 836, 1596, 138.995, 0
PixelHit 836, 1597, 57.7531, 0
PixelHit 837, 1597, 78.4236, 0
PixelHit 838, 1595, 225.664, 0
PixelHit 841, 1593, 184.761, 0
PixelHit 841, 1594, 151.377, 0
PixelHit 841, 1597, 48.0809, 0
PixelHit 842, 1592, 183.706, 0
PixelHit 843, 1593, 113.322, 0
PixelHit 844, 1595, 194.523, 0
PixelHit 846, 1593, 250.691, 0
PixelHit 847, 1591, 72.8159, 0
PixelHit 848, 1591, 109.209, 0
PixelHit 849, 1590, 92.4246, 0
PixelHit 849, 1592, 167.606, 0
PixelHit 850, 1590, 74.1561, 0
PixelHit 850, 1591, 168.965, 0
PixelHit 850, 1592, 83.8595, 0
PixelHit 853, 1590, 187.21, 0
PixelHit 854, 1589, 56.3062, 0
PixelHit 856, 1586, 136.848, 0
PixelHit 857, 1586, 270.928, 0
PixelHit 860, 1588, 124.21, 0
PixelHit 862, 1588, 75.4509, 0
PixelHit 863, 1585, 87.0879, 0
PixelHit 863, 1588, 107.234, 0
=== 165 ===
=== 166 ===
=== 167 ===
=== 168 ===
=== 169 ===
=== 170 ===
=== 171 ===
=== 172 ===
=== 173 ===
=== 174 ===
=== 175 ===
=== 176 ===
=== 177 ===
=== 178 ===
=== 179 ===
=== 180 ===
=== 181 ===
=== 182 ===
=== 183 ===
=== 184 ===
=== 185 ===
=== 186 ===
=== 187 ===
=== 188 ===
=== 189 ===
=== 190 ===
=== 191 ===
=== 192 ===
=== 193 ===
=== 194 ===
=== 195 ===
=== 196 ===
=== 197 ===
=== 198 ===
=== 199 ===
=== 200 ===
=== 201 ===
=== 202 ===
=== 203 ===
=== 204 ===
=== 205 ===
=== 206 ===
=== 207 ===
=== 208 ===
--- mydetector ---
PixelHit 513, 1088, 187.065, 0
PixelHit 514, 1088, 210.138, 0
PixelHit 515, 1087, 278.798, 0
PixelHit 516, 1088, 146.333, 0
PixelHit 518, 1087, 66.8794, 0
PixelHit 518, 1088, 143.036, 0
PixelHit 519, 1086, 52.3771, 0
PixelHit 521, 1085, 88.5425, 0
PixelHit 521, 1086, 161.289, 0
PixelHit 522, 1086, 228.977, 0
PixelHit 524, 1085, 162.861, 0
PixelHit 525, 1086, 284.544, 0
PixelHit 526, 1084, 145.923, 0
PixelHit 526, 1085, 85.5631, 0
PixelHit 528, 1084, 85.2145, 0
PixelHit 529, 1083, 115.265, 0
PixelHit 529, 1085, 54.3641, 0
PixelHit 530, 1082, 61.6296, 0
PixelHit 531, 1083, 180.604, 0
PixelHit 532, 1083, 73.114, 0
PixelHit 533, 1084, 190.913, 0
PixelHit 536, 1080, 259.759, 0
PixelHit 536, 1081, 159.154, 0
PixelHit 536, 1082, 180.188, 0
PixelHit 539, 1078, 102.127, 0
PixelHit 541, 1079, 81.2916, 0
PixelHit 541, 1080, 178.604, 0
PixelHit 542, 1079, 191.046, 0
PixelHit 543, 1079, 150.693, 0
PixelHit 544, 1078, 133.366, 0
PixelHit 545, 1079, 79.042, 0
PixelHit 546, 1081, 135.025, 0
PixelHit 549, 1076, 211.075, 0
PixelHit 549, 1078, 117.714, 0
PixelHit 550, 1078, 156.042, 0
PixelHit 551, 1076, 149.565, 0
PixelHit 556, 1072, 107.117, 0
PixelHit 556, 1074, 66.9727, 0
PixelHit 558, 1073, 57.4763, 0
PixelHit 562, 1074, 259.254, 0
PixelHit 565, 1068, 67.7929, 0
PixelHit 565, 1072, 224.143, 0
PixelHit 566, 1070, 77.7663, 0
PixelHit 566, 1071, 242.191, 0
PixelHit 567, 1073, 84.8521, 0
PixelHit 569, 1069, 177.652, 0
PixelHit 571, 1073, 333.599, 0
PixelHit 572, 1069, 46.4769, 0
PixelHit 573, 1065, 54.9896, 0
PixelHit 573, 1069, 146.705, 0
PixelHit 573, 1070, 86.5162, 0
PixelHit 573, 1072, 310.87, 0
PixelHit 573, 1074, 109.586, 0
PixelHit 574, 1067, 71.8745, 0
PixelHit 574, 1070, 200.286, 0
PixelHit 575, 1067, 111.275, 0
PixelHit 575, 1068, 146.167, 0
PixelHit 575, 1070, 84.1036, 0
PixelHit 2188, 1591, 58.5801, 0
PixelHit 2189, 1590, 96.5443, 0
PixelHit 2191, 1589, 220.029, 0
PixelHit 2192, 1588, 65.7681, 0
PixelHit 2192, 1589, 174.798, 0
PixelHit 2193, 1588, 166.506, 0
PixelHit 2196, 1586, 67.8118, 0
PixelHit 2196, 1587, 247.832, 0
PixelHit 2197, 1585, 45.8324, 0
PixelHit 2197, 1586, 191.162, 0
PixelHit 2198, 1584, 59.351, 0
PixelHit 2198, 1586, 74.2749, 0
PixelHit 2199, 1584, 360.214, 0
PixelHit 2199, 1585, 367.886, 0
PixelHit 2199, 1586, 418.979, 0
PixelHit 2200, 1584, 173.008, 0
PixelHit 2200, 1585, 554.018, 0
PixelHit 2200, 1586, 402.008, 0
PixelHit 2200, 1587, 172.433, 0
PixelHit 2201, 1582, 159.104, 0
PixelHit 2201, 1584, 53.9562, 0
PixelHit 2201, 1586, 69.7631, 0
PixelHit 2203, 1585, 175.968, 0
PixelHit 2204, 1581, 134.766, 0
PixelHit 2206, 1581, 133.603, 0
PixelHit 2207, 1581, 123.913, 0
PixelHit 2209, 1580, 120.602, 0
PixelHit 2210, 1580, 97.3837, 0
PixelHit 2214, 1577, 136.239, 0
PixelHit 2214, 1579, 266.638, 0
PixelHit 2214, 1581, 118.792, 0
PixelHit 2216, 1577, 179.301, 0
PixelHit 2217, 1578, 84.5949, 0
PixelHit 2221, 1575, 146.249, 0
PixelHit 2222, 1573, 199.411, 0
PixelHit 2223, 1572, 311.884, 0
PixelHit 2226, 1570, 79.4484, 0
PixelHit 2226, 1576, 147.298, 0
PixelHit 2228, 1570, 253.11, 0
PixelHit 2228, 1573, 62.0803, 0
=== 209 ===
=== 210 ===
=== 211 ===
=== 212 ===
=== 213 ===
=== 214 ===
=== 215 ===
=== 216 ===
=== 217 ===
=== 218 ===
=== 219 ===
=== 220 ===
=== 221 ===
=== 222 ===
=== 223 ===
=== 224 ===
=== 225 ===
=== 226 ===
=== 227 ===
=== 228 ===
=== 229 ===
=== 230 ===
=== 231 ===
=== 232 ===
=== 233 ===
=== 234 ===
=== 235 ===
--- mydetector ---
PixelHit 2125, 502, 105.507, 0
PixelHit 2126, 502, 271.43, 0
PixelHit 2126, 503, 124.395, 0
PixelHit 2127, 502, 89.4967, 0
PixelHit 2128, 501, 70.6767, 0
PixelHit 2128, 502, 323.365, 0
PixelHit 2129, 501, 125.955, 0
PixelHit 2130, 502, 199.119, 0
PixelHit 2131, 500, 94.1075, 0
PixelHit 2131, 501, 112.541, 0
PixelHit 2134, 500, 57.3712, 0
PixelHit 2135, 500, 174.356, 0
PixelHit 2136, 498, 140.116, 0
PixelHit 2137, 499, 88.1165, 0
PixelHit 2138, 499, 154.929, 0
PixelHit 2139, 498, 81.9083, 0
PixelHit 2140, 498, 174.237, 0
PixelHit 2140, 499, 132.29, 0
PixelHit 2141, 500, 85.6131, 0
PixelHit 2141, 501, 68.5344, 0
PixelHit 2144, 499, 73.9556, 0
PixelHit 2147, 497, 225.8, 0
PixelHit 2148, 496, 138.983, 0
PixelHit 2150, 494, 123.729, 0
PixelHit 2150, 495, 152.725, 0
PixelHit 2150, 500, 65.1389, 0
PixelHit 2151, 494, 153.973, 0
PixelHit 2151, 497, 111.105, 0
PixelHit 2151, 498, 63.9352, 0
PixelHit 2152, 494, 72.1214, 0
PixelHit 2152, 495, 146.31, 0
PixelHit 2152, 497, 124.175, 0
PixelHit 2153, 495, 257.549, 0
PixelHit 2153, 498, 53.7886, 0
PixelHit 2154, 496, 255.355, 0
PixelHit 2155, 495, 196.003, 0
PixelHit 2155, 496, 189.989, 0
PixelHit 2155, 498, 240.686, 0
PixelHit 2157, 494, 156.893, 0
PixelHit 2157, 495, 225.324, 0
PixelHit 2157, 496, 69.98, 0
PixelHit 2160, 494, 177.055, 0
PixelHit 2160, 495, 216.882, 0
PixelHit 2161, 492, 164.054, 0
PixelHit 2161, 493, 154.223, 0
PixelHit 2161, 497, 49.4407, 0
PixelHit 2162, 495, 81.2911, 0
PixelHit 2163, 493, 91.2611, 0
PixelHit 2163, 494, 84.6752, 0
PixelHit 2163, 495, 136.148, 0
PixelHit 2164, 491, 127.557, 0
PixelHit 2164, 493, 70.9777, 0
PixelHit 2164, 494, 331.447, 0
PixelHit 2164, 495, 101.079, 0
PixelHit 2165, 495, 113.498, 0
PixelHit 2166, 492, 76.0504, 0
PixelHit 2166, 493, 71.616, 0
PixelHit 2167, 492, 129.991, 0
PixelHit 2167, 496, 65.2731, 0
PixelHit 2168, 492, 183.889, 0
PixelHit 2168, 493, 87.8168, 0
PixelHit 2168, 495, 78.8714, 0
PixelHit 2169, 493, 68.0532, 0
PixelHit 2170, 493, 170.413, 0
PixelHit 2171, 493, 164.521, 0
PixelHit 2172, 490, 61.8531, 0
PixelHit 2172, 492, 52.1305, 0
PixelHit 2174, 490, 156.958, 0
PixelHit 2175, 494, 170.498, 0
PixelHit 2176, 491, 59.9931, 0
PixelHit 2176, 494, 130.812, 0
=== 236 ===
=== 237 ===
=== 238 ===
=== 239 ===
=== 240 ===
=== 241 ===
=== 242 ===
=== 243 ===
=== 244 ===
=== 245 ===
=== 246 ===
=== 247 ===
=== 248 ===
=== 249 ===
=== 250 ===
=== 251 ===
=== 252 ===
=== 253 ===
=== 254 ===
=== 255 ===
=== 256 ===
=== 257 ===
=== 258 ===
=== 259 ===
=== 260 ===
=== 261 ===
=== 262 ===
=== 263 ===
=== 264 ===
=== 265 ===
=== 266 ===
=== 267 ===
=== 268 ===
=== 269 ===
=== 270 ===
=== 271 ===
=== 272 ===
=== 273 ===
=== 274 ===
=== 275 ===
=== 276 ===
=== 277 ===
=== 278 ===
=== 279 ===
=== 280 ===
=== 281 ===
=== 282 ===
=== 283 ===
=== 284 ===
=== 285 ===
=== 286 ===
=== 287 ===
=== 288 ===
=== 289 ===
=== 290 ===
=== 291 ===
=== 292 ===
=== 293 ===
--- mydetector ---
PixelHit 80, 685, 66.9696, 0
PixelHit 80, 686, 264.098, 0
PixelHit 81, 685, 104.422, 0
PixelHit 81, 686, 88.2519, 0
PixelHit 82, 684, 80.848, 0
PixelHit 83, 684, 69.3592, 0
PixelHit 85, 684, 132.57, 0
PixelHit 85, 685, 125.935, 0
PixelHit 86, 684, 46.9913, 0
PixelHit 87, 685, 145.191, 0
PixelHit 89, 683, 193.126, 0
PixelHit 90, 682, 271.166, 0
PixelHit 91, 683, 107.629, 0
PixelHit 93, 683, 79.3811, 0
PixelHit 94, 683, 87.5915, 0
PixelHit 95, 682, 89.4988, 0
PixelHit 96, 682, 79.3075, 0
PixelHit 96, 683, 249.552, 0
PixelHit 97, 682, 115.703, 0
PixelHit 97, 683, 104.723, 0
PixelHit 98, 682, 193.053, 0
PixelHit 99, 682, 142.485, 0
PixelHit 100, 682, 303.399, 0
PixelHit 101, 682, 117.114, 0
PixelHit 103, 682, 153.473, 0
PixelHit 106, 681, 185.217, 0
PixelHit 107, 681, 116.888, 0
PixelHit 108, 681, 109.872, 0
PixelHit 108, 682, 98.9591, 0
PixelHit 109, 679, 124.925, 0
PixelHit 109, 680, 113.379, 0
PixelHit 110, 681, 170.581, 0
PixelHit 114, 680, 287.595, 0
PixelHit 115, 679, 216.714, 0
PixelHit 116, 679, 161.193, 0
PixelHit 121, 679, 56.5839, 0
PixelHit 123, 678, 43.6741, 0
PixelHit 124, 679, 302.3, 0
PixelHit 124, 680, 207.019, 0
PixelHit 125, 676, 99.1489, 0
PixelHit 125, 677, 285.098, 0
PixelHit 125, 680, 156.581, 0
PixelHit 128, 675, 72.2458, 0
PixelHit 129, 677, 148.176, 0
PixelHit 129, 679, 124.303, 0
PixelHit 130, 675, 169.273, 0
PixelHit 130, 677, 146.332, 0
PixelHit 130, 678, 253.964, 0
PixelHit 130, 679, 88.3358, 0
PixelHit 131, 676, 136.214, 0
PixelHit 132, 676, 187.232, 0
PixelHit 134, 680, 169.865, 0
PixelHit 135, 676, 112.773, 0
PixelHit 136, 674, 135.891, 0
PixelHit 137, 677, 183.849, 0
PixelHit 138, 675, 257.928, 0
PixelHit 139, 675, 141.878, 0
PixelHit 139, 676, 227.675, 0
PixelHit 140, 672, 150.788, 0
PixelHit 142, 673, 145.327, 0
PixelHit 142, 674, 190.687, 0
PixelHit 142, 675, 62.3749, 0
PixelHit 142, 676, 138.877, 0
PixelHit 143, 673, 85.0234, 0
PixelHit 143, 675, 54.7252, 0
PixelHit 143, 677, 72.6907, 0
PixelHit 144, 673, 118.51, 0
PixelHit 145, 673, 123.039, 0
PixelHit 146, 675, 69.5411, 0
PixelHit 146, 677, 43.3387, 0
PixelHit 147, 673, 139.368, 0
PixelHit 148, 672, 128.125, 0
PixelHit 150, 673, 180.435, 0
PixelHit 151, 674, 214.496, 0
PixelHit 152, 673, 92.8333, 0
PixelHit 152, 674, 106.713, 0
PixelHit 152, 676, 82.7366, 0
PixelHit 154, 670, 94.677, 0
PixelHit 155, 671, 116.005, 0
PixelHit 156, 671, 64.1013, 0
PixelHit 157, 674, 139.937, 0
PixelHit 158, 674, 100.739, 0
PixelHit 1281, 676, 49.725, 0
PixelHit 1281, 677, 362.295, 0
PixelHit 1282, 676, 1084.9, 0
PixelHit 1282, 677, 1917.05, 0
PixelHit 1283, 676, 104.9, 0
PixelHit 1283, 677, 1544.45, 0
PixelHit 1284, 676, 79.2249, 0
PixelHit 1285, 675, 57.2856, 0
PixelHit 1286, 675, 127.306, 0
PixelHit 1287, 677, 108.574, 0
PixelHit 1288, 674, 120.937, 0
PixelHit 1288, 675, 199.96, 0
PixelHit 1288, 676, 64.5437, 0
PixelHit 1289, 676, 125.475, 0
PixelHit 1291, 674, 143.339, 0
PixelHit 1291, 675, 182.973, 0
PixelHit 1296, 674, 65.6073, 0
PixelHit 1299, 673, 64.1539, 0
PixelHit 1303, 671, 150.293, 0
PixelHit 1306, 670, 58.7278, 0
PixelHit 1306, 672, 155.589, 0
PixelHit 1307, 673, 186.241, 0
PixelHit 1308, 671, 64.5054, 0
PixelHit 1309, 671, 268.576, 0
PixelHit 1309, 675, 90.3198, 0
PixelHit 1311, 671, 80.3011, 0
PixelHit 1311, 672, 137.319, 0
PixelHit 1313, 668, 324.104, 0
PixelHit 1313, 669, 217.001, 0
PixelHit 1313, 670, 90.3612, 0
PixelHit 1313, 671, 98.0848, 0
PixelHit 1314, 669, 224.492, 0
PixelHit 1315, 670, 63.6583, 0
PixelHit 1316, 669, 42.025, 0
PixelHit 1318, 667, 183.304, 0
PixelHit 1320, 667, 59.0211, 0
PixelHit 1320, 669, 149.612, 0
PixelHit 1321, 666, 67.3348, 0
PixelHit 1321, 668, 80.7474, 0
PixelHit 1324, 666, 232.854, 0
PixelHit 1325, 667, 137.927, 0
PixelHit 1325, 671, 89.7203, 0
PixelHit 1326, 666, 109.517, 0
PixelHit 1327, 665, 55.2316, 0
PixelHit 1328, 667, 89.9285, 0
PixelHit 1329, 666, 92.8186, 0
PixelHit 1331, 664, 74.2437, 0
PixelHit 1331, 665, 99.5336, 0
PixelHit 1331, 666, 145.296, 0
PixelHit 1331, 667, 280.691, 0
PixelHit 1332, 665, 181.026, 0
PixelHit 1332, 667, 48.9625, 0
PixelHit 1332, 668, 158.755, 0
PixelHit 1333, 665, 63.5131, 0
PixelHit 1333, 667, 200.676, 0
PixelHit 1333, 668, 115.428, 0
PixelHit 1334, 663, 51.7343, 0
PixelHit 1334, 665, 295.714, 0
PixelHit 1334, 667, 145.091, 0
PixelHit 1334, 670, 65.812, 0
PixelHit 1335, 664, 194.911, 0
PixelHit 1335, 666, 183.33, 0
PixelHit 1335, 667, 60.2132, 0
PixelHit 1336, 662, 124.479, 0
PixelHit 1336, 665, 186.999, 0
PixelHit 1337, 669, 56.0585, 0
PixelHit 1337, 670, 142.357, 0
PixelHit 1338, 664, 88.28, 0
PixelHit 1338, 666, 87.4612, 0
PixelHit 1339, 665, 91.2985, 0
PixelHit 1340, 664, 159.453, 0
PixelHit 1340, 666, 201.784, 0
PixelHit 1341, 666, 83.2295, 0
=== 294 ===
=== 295 ===
=== 296 ===
=== 297 ===
=== 298 ===
=== 299 ===
=== 300 ===
=== 301 ===
=== 302 ===
=== 303 ===
=== 304 ===
=== 305 ===
=== 306 ===
=== 307 ===
=== 308 ===
=== 309 ===
=== 310 ===
=== 311 ===
=== 312 ===
=== 313 ===
=== 314 ===
=== 315 ===
=== 316 ===
=== 317 ===
=== 318 ===
=== 319 ===
=== 320 ===
=== 321 ===
=== 322 ===
=== 323 ===
=== 324 ===
=== 325 ===
=== 326 ===
=== 327 ===
=== 328 ===
=== 329 ===
=== 330 ===
=== 331 ===
=== 332 ===
=== 333 ===
--- mydetector ---
PixelHit 653, 856, 53.0735, 0
PixelHit 653, 857, 69.2808, 0
PixelHit 655, 855, 109.676, 0
PixelHit 656, 855, 176.377, 0
PixelHit 657, 856, 68.667, 0
PixelHit 658, 855, 59.041, 0
PixelHit 662, 853, 101.683, 0
PixelHit 662, 854, 112.636, 0
PixelHit 663, 853, 230.026, 0
PixelHit 663, 855, 114.361, 0
PixelHit 665, 852, 222.412, 0
PixelHit 665, 854, 159.144, 0
PixelHit 666, 852, 146.722, 0
PixelHit 666, 853, 69.156, 0
PixelHit 667, 852, 118.987, 0
PixelHit 668, 853, 51.9064, 0
PixelHit 669, 852, 102.291, 0
PixelHit 671, 851, 121.521, 0
PixelHit 671, 852, 183.273, 0
PixelHit 672, 851, 232.576, 0
PixelHit 673, 852, 178.016, 0
PixelHit 675, 850, 212.827, 0
PixelHit 678, 848, 152.417, 0
PixelHit 678, 849, 159.033, 0
PixelHit 678, 851, 134.745, 0
PixelHit 679, 850, 86.4761, 0
PixelHit 679, 851, 126.037, 0
PixelHit 680, 850, 104.001, 0
PixelHit 680, 852, 86.8879, 0
PixelHit 681, 850, 183.892, 0
PixelHit 681, 851, 119.475, 0
PixelHit 682, 848, 94.6218, 0
PixelHit 686, 847, 77.2341, 0
PixelHit 686, 849, 68.3028, 0
PixelHit 686, 850, 164.181, 0
PixelHit 687, 848, 196.978, 0
PixelHit 690, 848, 98.1306, 0
PixelHit 691, 847, 170.051, 0
PixelHit 692, 845, 132.122, 0
PixelHit 693, 844, 103.273, 0
PixelHit 693, 846, 88.4106, 0
PixelHit 693, 847, 184.445, 0
PixelHit 695, 846, 91.1344, 0
PixelHit 696, 845, 158.221, 0
PixelHit 698, 841, 106.872, 0
PixelHit 698, 846, 182.637, 0
PixelHit 699, 843, 117.071, 0
PixelHit 699, 846, 259.211, 0
PixelHit 700, 844, 119.95, 0
PixelHit 701, 844, 114.266, 0
PixelHit 702, 843, 67.2324, 0
PixelHit 702, 844, 117.806, 0
PixelHit 704, 843, 157.332, 0
PixelHit 704, 847, 99.8245, 0
PixelHit 705, 844, 144.021, 0
PixelHit 706, 844, 194.985, 0
PixelHit 706, 845, 189.341, 0
PixelHit 708, 841, 259.705, 0
PixelHit 708, 844, 222.544, 0
PixelHit 709, 842, 152.801, 0
PixelHit 709, 844, 125.498, 0
PixelHit 710, 842, 192.13, 0
PixelHit 711, 840, 239.816, 0
PixelHit 712, 842, 258.859, 0
PixelHit 714, 838, 149.929, 0
PixelHit 714, 840, 164.237, 0
PixelHit 714, 844, 77.7884, 0
PixelHit 716, 840, 140.04, 0
PixelHit 716, 843, 116.044, 0
PixelHit 717, 841, 166.624, 0
PixelHit 718, 838, 191.159, 0
PixelHit 718, 839, 167.297, 0
PixelHit 1039, 1157, 281.028, 0
PixelHit 1040, 1158, 296.219, 0
PixelHit 1042, 1157, 122.951, 0
PixelHit 1043, 1156, 139.996, 0
PixelHit 1043, 1157, 181.454, 0
PixelHit 1043, 1158, 209.479, 0
PixelHit 1047, 1155, 55.2758, 0
PixelHit 1047, 1156, 60.2004, 0
PixelHit 1048, 1154, 77.9196, 0
PixelHit 1048, 1155, 150.821, 0
PixelHit 1049, 1155, 67.9901, 0
PixelHit 1050, 1155, 64.75, 0
PixelHit 1051, 1153, 64.6829, 0
PixelHit 1051, 1154, 114.922, 0
PixelHit 1051, 1155, 235.263, 0
PixelHit 1052, 1154, 251.316, 0
PixelHit 1053, 1153, 168.842, 0
PixelHit 1053, 1154, 193.946, 0
PixelHit 1053, 1155, 168.361, 0
PixelHit 1054, 1153, 292.64, 0
PixelHit 1054, 1154, 214.043, 0
PixelHit 1055, 1153, 217.501, 0
PixelHit 1055, 1154, 129.494, 0
PixelHit 1055, 1155, 131.941, 0
PixelHit 1056, 1152, 201.13, 0
PixelHit 1056, 1153, 190.021, 0
PixelHit 1057, 1153, 192.141, 0
PixelHit 1058, 1152, 177.951, 0
PixelHit 1059, 1153, 166.843, 0
PixelHit 1061, 1150, 60.1903, 0
PixelHit 1061, 1151, 66.3865, 0
PixelHit 1062, 1151, 81.8142, 0
PixelHit 1063, 1151, 131.128, 0
PixelHit 1064, 1152, 52.5238, 0
PixelHit 1066, 1149, 120.242, 0
PixelHit 1066, 1150, 314.897, 0
PixelHit 1067, 1148, 186.992, 0
PixelHit 1069, 1149, 50.3968, 0
PixelHit 1070, 1149, 210.474, 0
PixelHit 1070, 1150, 76.2617, 0
PixelHit 1071, 1148, 111.545, 0
PixelHit 1071, 1151, 74.343, 0
PixelHit 1072, 1149, 249.054, 0
PixelHit 1075, 1143, 56.0065, 0
PixelHit 1076, 1146, 125.604, 0
PixelHit 1076, 1147, 118.621, 0
PixelHit 1076, 1148, 130.421, 0
PixelHit 1080, 1145, 94.902, 0
PixelHit 1080, 1146, 77.4483, 0
PixelHit 1081, 1145, 109.325, 0
PixelHit 1082, 1143, 93.6478, 0
PixelHit 1083, 1145, 104.462, 0
PixelHit 1084, 1143, 99.1188, 0
PixelHit 1084, 1145, 59.0855, 0
PixelHit 1086, 1144, 103.002, 0
PixelHit 1086, 1146, 131.531, 0
PixelHit 1087, 1141, 210.98, 0
PixelHit 1088, 1143, 264.199, 0
PixelHit 1091, 1145, 83.5838, 0
PixelHit 1093, 1141, 62.8247, 0
PixelHit 1095, 1138, 96.0138, 0
PixelHit 1096, 1138, 74.7925, 0
PixelHit 1096, 1141, 69.5266, 0
PixelHit 1096, 1142, 107.322, 0
PixelHit 1097, 1137, 111.6, 0
PixelHit 1097, 1138, 54.9915, 0
PixelHit 1097, 1143, 61.2159, 0
PixelHit 1099, 1134, 124.985, 0
PixelHit 1099, 1141, 188.622, 0
PixelHit 1100, 1137, 69.5412, 0
PixelHit 1100, 1141, 92.908, 0
PixelHit 1103, 1140, 148.594, 0
PixelHit 1104, 1139, 89.1092, 0
=== 334 ===
=== 335 ===
=== 336 ===
=== 337 ===
=== 338 ===
=== 339 ===
=== 340 ===
=== 341 ===
=== 342 ===
=== 343 ===
=== 344 ===
=== 345 ===
=== 346 ===
=== 347 ===
=== 348 ===
=== 349 ===
=== 350 ===
=== 351 ===
=== 352 ===
=== 353 ===
=== 354 ===
=== 355 ===
--- mydetector ---
PixelHit 1766, 1030, 355.463, 0
PixelHit 1767, 1030, 357.1, 0
PixelHit 1768, 1030, 167.86, 0
PixelHit 1772, 1028, 139.92, 0
PixelHit 1773, 1029, 103.806, 0
PixelHit 1775, 1028, 199.449, 0
PixelHit 1776, 1026, 120.041, 0
PixelHit 1776, 1027, 66.8324, 0
PixelHit 1776, 1028, 49.7749, 0
PixelHit 1777, 1025, 145.713, 0
PixelHit 1777, 1026, 86.115, 0
PixelHit 1778, 1026, 111.686, 0
PixelHit 1778, 1027, 59.9692, 0
PixelHit 1779, 1026, 82.3087, 0
PixelHit 1782, 1026, 106.852, 0
PixelHit 1783, 1024, 89.5429, 0
PixelHit 1783, 1025, 107.316, 0
PixelHit 1785, 1023, 206.154, 0
PixelHit 1785, 1024, 312.165, 0
PixelHit 1785, 1025, 139.867, 0
PixelHit 1786, 1023, 162.816, 0
PixelHit 1787, 1024, 123.823, 0
PixelHit 1788, 1021, 144.841, 0
PixelHit 1790, 1024, 73.8566, 0
PixelHit 1791, 1024, 116.176, 0
PixelHit 1792, 1023, 77.6303, 0
PixelHit 1793, 1021, 142.908, 0
PixelHit 1799, 1019, 112.158, 0
PixelHit 1799, 1020, 144.716, 0
PixelHit 1800, 1016, 61.2586, 0
PixelHit 1801, 1019, 49.0713, 0
PixelHit 1803, 1019, 108.12, 0
PixelHit 1804, 1017, 145.554, 0
PixelHit 1805, 1018, 76.6171, 0
PixelHit 1807, 1014, 170.667, 0
PixelHit 1807, 1016, 123.502, 0
PixelHit 1807, 1017, 66.4594, 0
PixelHit 1808, 1015, 172.6, 0
PixelHit 1808, 1016, 75.9079, 0
PixelHit 1809, 1014, 133.29, 0
PixelHit 1809, 1015, 256.933, 0
PixelHit 1809, 1017, 92.1312, 0
PixelHit 1810, 1015, 99.9757, 0
PixelHit 1810, 1017, 231.141, 0
PixelHit 1811, 1015, 190.886, 0
PixelHit 1811, 1016, 93.4543, 0
PixelHit 1812, 1017, 85.0161, 0
PixelHit 1813, 1012, 193.855, 0
PixelHit 1813, 1015, 50.3584, 0
PixelHit 1813, 1016, 111.79, 0
PixelHit 1815, 1014, 207.241, 0
PixelHit 1816, 1015, 150.57, 0
PixelHit 1818, 1011, 137.87, 0
PixelHit 1818, 1013, 145.453, 0
PixelHit 1818, 1014, 184.249, 0
PixelHit 1819, 1011, 60.9537, 0
PixelHit 1820, 1014, 69.4043, 0
PixelHit 1821, 1012, 46.237, 0
=== 356 ===
=== 357 ===
=== 358 ===
=== 359 ===
=== 360 ===
=== 361 ===
=== 362 ===
=== 363 ===
=== 364 ===
--- mydetector ---
PixelHit 1585, 509, 186.152, 0
PixelHit 1589, 508, 167.295, 0
PixelHit 1589, 509, 67.1845, 0
PixelHit 1594, 508, 126.887, 0
PixelHit 1596, 505, 194.303, 0
PixelHit 1596, 507, 176.566, 0
PixelHit 1596, 508, 89.8211, 0
PixelHit 1598, 506, 261.022, 0
PixelHit 1602, 505, 153.926, 0
PixelHit 1602, 506, 161.445, 0
PixelHit 1603, 504, 210.443, 0
PixelHit 1603, 506, 75.6862, 0
PixelHit 1604, 504, 102.985, 0
PixelHit 1604, 505, 79.3112, 0
PixelHit 1605, 504, 83.3009, 0
PixelHit 1605, 505, 178.548, 0
PixelHit 1606, 505, 80.1707, 0
PixelHit 1609, 504, 100.635, 0
PixelHit 1610, 502, 103.502, 0
PixelHit 1612, 502, 94.9383, 0
PixelHit 1612, 505, 186.228, 0
PixelHit 1613, 503, 117.513, 0
PixelHit 1613, 504, 130.787, 0
PixelHit 1613, 505, 124.001, 0
PixelHit 1614, 503, 203.064, 0
PixelHit 1615, 500, 70.5076, 0
PixelHit 1616, 503, 119.725, 0
PixelHit 1617, 501, 203.965, 0
PixelHit 1617, 506, 121.12, 0
PixelHit 1619, 501, 82.4215, 0
PixelHit 1621, 500, 119.951, 0
PixelHit 1621, 501, 128.316, 0
PixelHit 1623, 500, 145.342, 0
PixelHit 1623, 501, 193.818, 0
PixelHit 1625, 499, 62.873, 0
PixelHit 1625, 500, 177.357, 0
PixelHit 1626, 500, 117.374, 0
PixelHit 1631, 498, 70.0436, 0
PixelHit 1631, 499, 307.474, 0
PixelHit 1631, 500, 56.7147, 0
PixelHit 1632, 498, 182.977, 0
PixelHit 1635, 500, 99.9261, 0
PixelHit 1636, 496, 83.4415, 0
PixelHit 1636, 498, 136.511, 0
PixelHit 1637, 498, 196.095, 0
PixelHit 1638, 498, 89.1882, 0
PixelHit 1640, 498, 138.389, 0
PixelHit 1640, 500, 183.886, 0
=== 365 ===
=== 366 ===
=== 367 ===
=== 368 ===
=== 369 ===
=== 370 ===
=== 371 ===
=== 372 ===
--- mydetector ---
PixelHit 2321, 1931, 60.8166, 0
PixelHit 2323, 1930, 162.62, 0
PixelHit 2323, 1931, 69.6014, 0
PixelHit 2324, 1931, 109.377, 0
PixelHit 2325, 1930, 96.8618, 0
PixelHit 2328, 1929, 220.598, 0
PixelHit 2328, 1930, 84.4956, 0
PixelHit 2333, 1924, 57.4199, 0
PixelHit 2333, 1927, 52.4565, 0
PixelHit 2334, 1926, 142.149, 0
PixelHit 2335, 1924, 70.4437, 0
PixelHit 2335, 1925, 170.064, 0
PixelHit 2335, 1926, 192.109, 0
PixelHit 2335, 1927, 85.5179, 0
PixelHit 2335, 1928, 102.504, 0
PixelHit 2336, 1924, 144.789, 0
PixelHit 2336, 1925, 117.491, 0
PixelHit 2336, 1926, 104.772, 0
PixelHit 2336, 1927, 555.847, 0
PixelHit 2337, 1925, 185.937, 0
PixelHit 2337, 1926, 386.135, 0
PixelHit 2337, 1927, 350.025, 0
PixelHit 2337, 1928, 264.039, 0
PixelHit 2338, 1924, 250.341, 0
PixelHit 2338, 1925, 417.704, 0
PixelHit 2338, 1926, 174.31, 0
PixelHit 2338, 1927, 234.437, 0
PixelHit 2340, 1926, 213.226, 0
PixelHit 2341, 1927, 154.096, 0
PixelHit 2342, 1924, 193.435, 0
PixelHit 2343, 1926, 257.811, 0
PixelHit 2344, 1924, 54.9001, 0
PixelHit 2345, 1924, 68.6125, 0
PixelHit 2346, 1921, 205.538, 0
PixelHit 2346, 1922, 243.188, 0
PixelHit 2346, 1925, 239.443, 0
PixelHit 2349, 1921, 58.6434, 0
PixelHit 2349, 1924, 160.129, 0
PixelHit 2350, 1922, 103.965, 0
PixelHit 2352, 1921, 304.248, 0
PixelHit 2352, 1922, 93.269, 0
PixelHit 2352, 1923, 67.4632, 0
PixelHit 2354, 1919, 90.0037, 0
PixelHit 2354, 1921, 64.9353, 0
PixelHit 2356, 1920, 60.7869, 0
PixelHit 2356, 1921, 57.4303, 0
PixelHit 2357, 1917, 59.1699, 0
PixelHit 2358, 1918, 66.6585, 0
PixelHit 2360, 1919, 170.556, 0
PixelHit 2361, 1916, 117.062, 0
PixelHit 2361, 1917, 103.92, 0
PixelHit 2361, 1920, 87.1836, 0
PixelHit 2362, 1917, 216.005, 0
PixelHit 2362, 1919, 119.932, 0
PixelHit 2363, 1917, 126.443, 0
PixelHit 2363, 1919, 84.9705, 0
PixelHit 2364, 1915, 82.9283, 0
PixelHit 2365, 1915, 190.943, 0
PixelHit 2366, 1912, 55.881, 0
PixelHit 2367, 1915, 63.6552, 0
PixelHit 2367, 1916, 235.468, 0
PixelHit 2367, 1920, 121.249, 0
PixelHit 2368, 1914, 98.2842, 0
PixelHit 2368, 1915, 57.2159, 0
PixelHit 2369, 1910, 90.9906, 0
PixelHit 2369, 1917, 207.497, 0
PixelHit 2369, 1919, 269.39, 0
=== 373 ===
=== 374 ===
=== 375 ===
=== 376 ===
=== 377 ===
=== 378 ===
=== 379 ===
=== 380 ===
=== 381 ===
=== 382 ===
=== 383 ===
=== 384 ===
=== 385 ===
=== 386 ===
=== 387 ===
=== 388 ===
=== 389 ===
=== 390 ===
=== 391 ===
=== 392 ===
=== 393 ===
=== 394 ===
=== 395 ===
=== 396 ===
=== 397 ===
=== 398 ===
=== 399 ===
=== 400 ===
=== 401 ===
=== 402 ===
=== 403 ===
=== 404 ===
=== 405 ===
=== 406 ===
=== 407 ===
=== 408 ===
=== 409 ===
=== 410 ===
=== 411 ===
--- mydetector ---
PixelHit 2321, 733, 56.207, 0
PixelHit 2322, 734, 178.373, 0
PixelHit 2325, 733, 111.403, 0
PixelHit 2326, 732, 129.706, 0
PixelHit 2326, 733, 110.852, 0
PixelHit 2327, 731, 58.1605, 0
PixelHit 2328, 734, 75.7653, 0
PixelHit 2329, 731, 61.014, 0
PixelHit 2330, 731, 110.527, 0
PixelHit 2330, 733, 257.239, 0
PixelHit 2331, 730, 108.331, 0
PixelHit 2332, 731, 201.871, 0
PixelHit 2333, 733, 64.0858, 0
PixelHit 2334, 731, 196.479, 0
PixelHit 2335, 729, 124.995, 0
PixelHit 2335, 730, 191.717, 0
PixelHit 2335, 731, 167.968, 0
PixelHit 2336, 729, 117.513, 0
PixelHit 2336, 731, 175.538, 0
PixelHit 2337, 727, 243.611, 0
PixelHit 2337, 730, 116.534, 0
PixelHit 2338, 727, 232.042, 0
PixelHit 2338, 729, 128.345, 0
PixelHit 2338, 730, 218.204, 0
PixelHit 2338, 731, 167.508, 0
PixelHit 2339, 730, 253.761, 0
PixelHit 2340, 728, 68.6648, 0
PixelHit 2340, 729, 58.9363, 0
PixelHit 2340, 731, 190.925, 0
PixelHit 2341, 730, 102.72, 0
PixelHit 2341, 731, 155.321, 0
PixelHit 2342, 726, 67.3736, 0
PixelHit 2343, 728, 64.3557, 0
PixelHit 2344, 727, 77.6781, 0
PixelHit 2344, 730, 64.1442, 0
PixelHit 2345, 726, 54.8302, 0
PixelHit 2349, 726, 164.083, 0
PixelHit 2351, 726, 79.0836, 0
PixelHit 2352, 723, 83.6688, 0
PixelHit 2352, 724, 105.815, 0
PixelHit 2352, 725, 90.982, 0
PixelHit 2353, 725, 126.252, 0
PixelHit 2354, 727, 61.4432, 0
PixelHit 2356, 722, 64.1263, 0
PixelHit 2356, 726, 108.93, 0
PixelHit 2357, 721, 132.845, 0
PixelHit 2357, 722, 141.356, 0
PixelHit 2357, 723, 225.756, 0
PixelHit 2357, 724, 63.4975, 0
PixelHit 2357, 725, 126.116, 0
PixelHit 2358, 720, 59.3828, 0
PixelHit 2359, 722, 218.24, 0
PixelHit 2359, 723, 306.515, 0
PixelHit 2360, 719, 76.1837, 0
PixelHit 2360, 721, 113.695, 0
PixelHit 2361, 727, 115.582, 0
PixelHit 2362, 722, 60.4691, 0
PixelHit 2363, 723, 128.869, 0
PixelHit 2364, 723, 137.298, 0
PixelHit 2366, 723, 108.047, 0
=== 412 ===
=== 413 ===
=== 414 ===
=== 415 ===
=== 416 ===
=== 417 ===
=== 418 ===
=== 419 ===
=== 420 ===
=== 421 ===
=== 422 ===
=== 423 ===
=== 424 ===
=== 425 ===
=== 426 ===
=== 427 ===
=== 428 ===
=== 429 ===
=== 430 ===
=== 431 ===
=== 432 ===
=== 433 ===
=== 434 ===
=== 435 ===
=== 436 ===
--- mydetector ---
PixelHit 1755, 395, 130.481, 0
PixelHit 1756, 395, 68.9704, 0
PixelHit 1757, 395, 192.276, 0
PixelHit 1759, 393, 130.111, 0
PixelHit 1759, 394, 124.835, 0
PixelHit 1760, 393, 95.1372, 0
PixelHit 1761, 393, 169.506, 0
PixelHit 1761, 395, 85.2442, 0
PixelHit 1762, 393, 414.038, 0
PixelHit 1762, 395, 105.758, 0
PixelHit 1763, 392, 231.978, 0
PixelHit 1763, 393, 81.691, 0
PixelHit 1763, 394, 229.706, 0
PixelHit 1763, 395, 135.658, 0
PixelHit 1763, 396, 380.201, 0
PixelHit 1763, 397, 229.778, 0
PixelHit 1764, 395, 218.826, 0
PixelHit 1764, 396, 301.127, 0
PixelHit 1764, 397, 401.809, 0
PixelHit 1764, 398, 303.444, 0
PixelHit 1764, 399, 226.024, 0
PixelHit 1764, 400, 253.785, 0
PixelHit 1764, 401, 634.984, 0
PixelHit 1764, 402, 999.064, 0
PixelHit 1764, 403, 884.198, 0
PixelHit 1764, 404, 626.912, 0
PixelHit 1765, 397, 113.509, 0
PixelHit 1765, 398, 77.9822, 0
PixelHit 1765, 399, 145.202, 0
PixelHit 1765, 400, 200.598, 0
PixelHit 1765, 401, 568.91, 0
PixelHit 1765, 402, 583.028, 0
PixelHit 1765, 403, 612.16, 0
PixelHit 1765, 404, 1076.95, 0
PixelHit 1766, 397, 48.9162, 0
PixelHit 1767, 393, 45.0229, 0
PixelHit 1770, 392, 63.2186, 0
PixelHit 1771, 390, 104.689, 0
PixelHit 1771, 393, 55.4604, 0
PixelHit 1774, 389, 175.658, 0
PixelHit 1774, 392, 171.89, 0
PixelHit 1776, 389, 173.012, 0
PixelHit 1776, 390, 66.5518, 0
PixelHit 1777, 390, 105.902, 0
PixelHit 1778, 390, 115.916, 0
PixelHit 1779, 393, 90.1977, 0
PixelHit 1785, 387, 179.062, 0
PixelHit 1785, 390, 134.156, 0
PixelHit 1787, 387, 55.0433, 0
PixelHit 1790, 385, 159.616, 0
PixelHit 1792, 386, 50.7104, 0
PixelHit 1793, 387, 68.7232, 0
PixelHit 1795, 388, 47.7885, 0
PixelHit 1796, 385, 98.2647, 0
PixelHit 1796, 387, 147.383, 0
PixelHit 1798, 384, 74.3787, 0
PixelHit 1800, 386, 99.8008, 0
PixelHit 1801, 385, 51.4987, 0
PixelHit 1801, 387, 122.745, 0
PixelHit 1802, 383, 77.0792, 0
PixelHit 1802, 387, 60.9568, 0
PixelHit 1803, 385, 93.9334, 0
PixelHit 1803, 386, 319.755, 0
PixelHit 1804, 383, 143.718, 0
PixelHit 1804, 385, 72.7316, 0
PixelHit 1805, 382, 112.652, 0
PixelHit 1805, 385, 135.857, 0
PixelHit 1805, 387, 62.7769, 0
PixelHit 1806, 382, 181.534, 0
PixelHit 1806, 385, 200.696, 0
PixelHit 1807, 383, 192.327, 0
PixelHit 1809, 381, 92.5388, 0
=== 437 ===
=== 438 ===
=== 439 ===
=== 440 ===
=== 441 ===
=== 442 ===
=== 443 ===
=== 444 ===
=== 445 ===
=== 446 ===
=== 447 ===
=== 448 ===
=== 449 ===
=== 450 ===
=== 451 ===
=== 452 ===
=== 453 ===
=== 454 ===
=== 455 ===
=== 456 ===
=== 457 ===
=== 458 ===
=== 459 ===
=== 460 ===
=== 461 ===
=== 462 ===
=== 463 ===
=== 464 ===
=== 465 ===
=== 466 ===
=== 467 ===
=== 468 ===
=== 469 ===
=== 470 ===
=== 471 ===
=== 472 ===
=== 473 ===
=== 474 ===
=== 475 ===
=== 476 ===
=== 477 ===
=== 478 ===
=== 479 ===
=== 480 ===
=== 481 ===
=== 482 ===
=== 483 ===
=== 484 ===
=== 485 ===
=== 486 ===
=== 487 ===
=== 488 ===
=== 489 ===
=== 490 ===
=== 491 ===
=== 492 ===
=== 493 ===
=== 494 ===
=== 495 ===
=== 496 ===
=== 497 ===
=== 498 ===
=== 499 ===
=== 500 ===
=== 501 ===
=== 502 ===
=== 503 ===
=== 504 ===
=== 505 ===
=== 506 ===
=== 507 ===
=== 508 ===
=== 509 ===
=== 510 ===
=== 511 ===
=== 512 ===
=== 513 ===
=== 514 ===
=== 515 ===
=== 516 ===
=== 517 ===
=== 518 ===
=== 519 ===
=== 520 ===
=== 521 ===
=== 522 ===
=== 523 ===
=== 524 ===
=== 525 ===
=== 526 ===
=== 527 ===
=== 528 ===
=== 529 ===
=== 530 ===
=== 531 ===
=== 532 ===
=== 533 ===
=== 534 ===
=== 535 ===
=== 536 ===
=== 537 ===
=== 538 ===
=== 539 ===
=== 540 ===
=== 541 ===
=== 542 ===
=== 543 ===
=== 544 ===
=== 545 ===
=== 546 ===
=== 547 ===
=== 548 ===
=== 549 ===
=== 550 ===
=== 551 ===
=== 552 ===
=== 553 ===
=== 554 ===
=== 555 ===
=== 556 ===
=== 557 ===
=== 558 ===
=== 559 ===
=== 560 ===
=== 561 ===
=== 562 ===
=== 563 ===
=== 564 ===
=== 565 ===
=== 566 ===
=== 567 ===
=== 568 ===
=== 569 ===
=== 570 ===
=== 571 ===
=== 572 ===
=== 573 ===
=== 574 ===
=== 575 ===
=== 576 ===
=== 577 ===
=== 578 ===
=== 579 ===
=== 580 ===
=== 581 ===
=== 582 ===
=== 583 ===
=== 584 ===
=== 585 ===
=== 586 ===
=== 587 ===
=== 588 ===
=== 589 ===
=== 590 ===
=== 591 ===
=== 592 ===
=== 593 ===
=== 594 ===
=== 595 ===
=== 596 ===
=== 597 ===
=== 598 ===
=== 599 ===
=== 600 ===
=== 601 ===
=== 602 ===
=== 603 ===
=== 604 ===
=== 605 ===
=== 606 ===
=== 607 ===
=== 608 ===
=== 609 ===
=== 610 ===
=== 611 ===
=== 612 ===
=== 613 ===
=== 614 ===
=== 615 ===
=== 616 ===
=== 617 ===
=== 618 ===
=== 619 ===
=== 620 ===
=== 621 ===
=== 622 ===
=== 623 ===
=== 624 ===
=== 625 ===
=== 626 ===
=== 627 ===
=== 628 ===
=== 629 ===
=== 630 ===
=== 631 ===
=== 632 ===
=== 633 ===
=== 634 ===
=== 635 ===
=== 636 ===
=== 637 ===
=== 638 ===
=== 639 ===
=== 640 ===
=== 641 ===
=== 642 ===
=== 643 ===
=== 644 ===
=== 645 ===
=== 646 ===
=== 647 ===
=== 648 ===
=== 649 ===
=== 650 ===
=== 651 ===
=== 652 ===
--- mydetector ---
PixelHit 2402, 369, 161.314, 0
PixelHit 2405, 367, 130.911, 0
PixelHit 2405, 368, 197.866, 0
PixelHit 2405, 369, 144.389, 0
PixelHit 2407, 367, 50.382, 0
PixelHit 2409, 365, 89.9471, 0
PixelHit 2409, 367, 61.4652, 0
PixelHit 2410, 364, 69.6943, 0
PixelHit 2410, 366, 64.9732, 0
PixelHit 2410, 368, 160.613, 0
PixelHit 2411, 364, 242.442, 0
PixelHit 2411, 367, 88.9772, 0
PixelHit 2411, 368, 100.498, 0
PixelHit 2412, 365, 105.974, 0
PixelHit 2412, 367, 55.7151, 0
PixelHit 2413, 365, 133.074, 0
PixelHit 2413, 366, 164.975, 0
PixelHit 2413, 367, 139.972, 0
PixelHit 2414, 364, 99.2091, 0
PixelHit 2414, 366, 187.742, 0
PixelHit 2415, 365, 61.7496, 0
PixelHit 2415, 366, 119.274, 0
PixelHit 2416, 364, 153.919, 0
PixelHit 2416, 365, 162.619, 0
PixelHit 2417, 364, 218.024, 0
PixelHit 2417, 365, 78.032, 0
PixelHit 2417, 366, 108.729, 0
PixelHit 2417, 367, 122.383, 0
PixelHit 2418, 363, 139.076, 0
PixelHit 2419, 362, 80.0915, 0
PixelHit 2419, 365, 167.787, 0
PixelHit 2420, 363, 128.685, 0
PixelHit 2422, 362, 227.687, 0
PixelHit 2422, 363, 175.226, 0
PixelHit 2423, 362, 97.1801, 0
PixelHit 2423, 363, 206.105, 0
PixelHit 2424, 361, 202.662, 0
PixelHit 2424, 362, 57.03, 0
PixelHit 2424, 363, 139.804, 0
PixelHit 2425, 360, 98.9116, 0
PixelHit 2425, 362, 100.191, 0
PixelHit 2426, 362, 152.395, 0
PixelHit 2427, 361, 69.4385, 0
PixelHit 2427, 364, 99.9352, 0
PixelHit 2428, 359, 245.389, 0
PixelHit 2428, 361, 299.024, 0
PixelHit 2428, 362, 257.913, 0
PixelHit 2428, 363, 111.151, 0
PixelHit 2428, 365, 195.921, 0
PixelHit 2429, 357, 52.4723, 0
PixelHit 2429, 359, 167.836, 0
PixelHit 2430, 361, 73.5513, 0
PixelHit 2430, 363, 64.9232, 0
PixelHit 2431, 358, 57.7365, 0
PixelHit 2431, 362, 218.219, 0
PixelHit 2433, 361, 211.783, 0
PixelHit 2434, 362, 77.3661, 0
PixelHit 2434, 363, 287.84, 0
PixelHit 2435, 358, 174.489, 0
PixelHit 2436, 358, 64.303, 0
PixelHit 2436, 362, 116.393, 0
PixelHit 2437, 360, 93.0215, 0
PixelHit 2437, 363, 117.676, 0
PixelHit 2438, 360, 165.617, 0
PixelHit 2439, 356, 229.678, 0
PixelHit 2440, 355, 39.9564, 0
PixelHit 2441, 355, 100.766, 0
PixelHit 2443, 359, 192.873, 0
PixelHit 2481, 1134, 193.691, 0
PixelHit 2482, 1135, 105.68, 0
PixelHit 2483, 1134, 237.487, 0
PixelHit 2483, 1135, 94.0143, 0
PixelHit 2484, 1135, 67.6461, 0
PixelHit 2485, 1134, 87.874, 0
PixelHit 2488, 1132, 231.896, 0
PixelHit 2490, 1131, 77.2051, 0
PixelHit 2490, 1133, 137.649, 0
PixelHit 2491, 1132, 119.46, 0
PixelHit 2491, 1133, 195.342, 0
PixelHit 2492, 1131, 60.2247, 0
PixelHit 2495, 1129, 87.6568, 0
PixelHit 2495, 1131, 226.905, 0
PixelHit 2497, 1131, 158.837, 0
PixelHit 2499, 1130, 150.794, 0
PixelHit 2502, 1127, 152.514, 0
PixelHit 2503, 1126, 43.9736, 0
PixelHit 2503, 1127, 130.377, 0
PixelHit 2504, 1125, 195.547, 0
PixelHit 2504, 1127, 172.304, 0
PixelHit 2505, 1128, 60.6047, 0
PixelHit 2506, 1122, 95.8565, 0
PixelHit 2506, 1123, 103.311, 0
PixelHit 2506, 1125, 220.669, 0
PixelHit 2506, 1129, 123.983, 0
PixelHit 2507, 1125, 197.951, 0
PixelHit 2509, 1125, 94.6171, 0
PixelHit 2509, 1126, 43.1527, 0
PixelHit 2510, 1123, 96.8796, 0
PixelHit 2510, 1124, 87.4233, 0
PixelHit 2511, 1122, 133.806, 0
PixelHit 2511, 1127, 196.73, 0
PixelHit 2512, 1122, 200.436, 0
PixelHit 2513, 1123, 213.8, 0
PixelHit 2513, 1124, 196.211, 0
PixelHit 2513, 1125, 261.177, 0
PixelHit 2514, 1122, 170.897, 0
PixelHit 2514, 1123, 55.1892, 0
PixelHit 2515, 1122, 107.069, 0
PixelHit 2516, 1123, 54.3057, 0
PixelHit 2518, 1121, 52.9619, 0
PixelHit 2519, 1120, 122.919, 0
PixelHit 2520, 1119, 55.7833, 0
PixelHit 2521, 1123, 76.2577, 0
=== 653 ===
=== 654 ===
=== 655 ===
=== 656 ===
=== 657 ===
=== 658 ===
=== 659 ===
=== 660 ===
=== 661 ===
=== 662 ===
=== 663 ===
=== 664 ===
=== 665 ===
=== 666 ===
=== 667 ===
=== 668 ===
=== 669 ===
=== 670 ===
=== 671 ===
=== 672 ===
=== 673 ===
=== 674 ===
=== 675 ===
=== 676 ===
=== 677 ===
=== 678 ===
=== 679 ===
=== 680 ===
--- mydetector ---
PixelHit 791, 1339, 52.3424, 0
PixelHit 792, 1339, 208.358, 0
PixelHit 793, 1338, 302.389, 0
PixelHit 794, 1338, 260.413, 0
PixelHit 796, 1337, 88.7439, 0
PixelHit 796, 1338, 51.3733, 0
PixelHit 797, 1338, 304.066, 0
PixelHit 798, 1337, 186.296, 0
PixelHit 799, 1336, 163.089, 0
PixelHit 800, 1336, 72.5779, 0
PixelHit 803, 1334, 57.5992, 0
PixelHit 804, 1335, 286.853, 0
PixelHit 805, 1335, 263.501, 0
PixelHit 806, 1334, 118.992, 0
PixelHit 808, 1333, 109.554, 0
PixelHit 810, 1333, 105.034, 0
PixelHit 810, 1334, 146.146, 0
PixelHit 812, 1332, 322.078, 0
PixelHit 814, 1333, 197.427, 0
PixelHit 817, 1328, 235.052, 0
PixelHit 818, 1331, 106.882, 0
PixelHit 819, 1329, 181.628, 0
PixelHit 819, 1330, 142.865, 0
PixelHit 821, 1328, 306.185, 0
PixelHit 821, 1330, 95.0015, 0
PixelHit 822, 1329, 112.101, 0
PixelHit 824, 1328, 167.507, 0
PixelHit 825, 1328, 240.748, 0
PixelHit 826, 1329, 161.784, 0
PixelHit 830, 1326, 66.4747, 0
PixelHit 831, 1325, 153.665, 0
PixelHit 831, 1327, 66.7324, 0
PixelHit 832, 1326, 250.923, 0
PixelHit 836, 1325, 270.116, 0
PixelHit 837, 1323, 51.3296, 0
PixelHit 837, 1324, 134.785, 0
PixelHit 837, 1325, 121.165, 0
PixelHit 837, 1326, 74.938, 0
PixelHit 839, 1321, 113.806, 0
PixelHit 841, 1323, 303.049, 0
PixelHit 842, 1319, 150.55, 0
PixelHit 842, 1320, 130.033, 0
PixelHit 843, 1321, 90.6578, 0
PixelHit 843, 1323, 134.938, 0
PixelHit 844, 1318, 116.832, 0
PixelHit 844, 1321, 115.053, 0
PixelHit 845, 1320, 77.5729, 0
PixelHit 845, 1323, 113.087, 0
PixelHit 845, 1325, 219.443, 0
PixelHit 846, 1320, 118.189, 0
PixelHit 846, 1322, 125.528, 0
PixelHit 847, 1320, 108.774, 0
PixelHit 847, 1321, 130.434, 0
PixelHit 847, 1323, 289.42, 0
PixelHit 848, 1319, 74.806, 0
PixelHit 849, 1322, 67.9927, 0
PixelHit 851, 1317, 128.375, 0
PixelHit 852, 1316, 288.13, 0
PixelHit 853, 1318, 136.621, 0
PixelHit 853, 1321, 147.628, 0
PixelHit 854, 1318, 86.2937, 0
PixelHit 855, 1317, 206.69, 0
PixelHit 856, 1318, 85.219, 0
=== 681 ===
=== 682 ===
=== 683 ===
=== 684 ===
=== 685 ===
=== 686 ===
=== 687 ===
=== 688 ===
=== 689 ===
=== 690 ===
=== 691 ===
=== 692 ===
=== 693 ===
=== 694 ===
--- mydetector ---
PixelHit 1743, 1253, 352.589, 0
PixelHit 1745, 1251, 111.534, 0
PixelHit 1745, 1252, 549.561, 0
PixelHit 1745, 1253, 119.059, 0
PixelHit 1746, 1251, 258.202, 0
PixelHit 1746, 1252, 877.89, 0
PixelHit 1746, 1253, 252.753, 0
PixelHit 1747, 1251, 81.963, 0
PixelHit 1751, 1249, 257.645, 0
PixelHit 1751, 1250, 135.364, 0
PixelHit 1753, 1250, 83.2776, 0
PixelHit 1755, 1249, 247.373, 0
PixelHit 1756, 1247, 79.9203, 0
PixelHit 1756, 1248, 113.055, 0
PixelHit 1756, 1249, 101.989, 0
PixelHit 1757, 1248, 133.501, 0
PixelHit 1758, 1248, 182.312, 0
PixelHit 1760, 1246, 96.6581, 0
PixelHit 1760, 1247, 51.9765, 0
PixelHit 1760, 1248, 63.3082, 0
PixelHit 1761, 1246, 90.2741, 0
PixelHit 1761, 1247, 129.422, 0
PixelHit 1762, 1247, 244.631, 0
PixelHit 1763, 1246, 97.2996, 0
PixelHit 1763, 1247, 97.5633, 0
PixelHit 1764, 1247, 215.736, 0
PixelHit 1766, 1246, 80.2687, 0
PixelHit 1768, 1246, 149.461, 0
PixelHit 1768, 1247, 78.0626, 0
PixelHit 1769, 1244, 77.7189, 0
PixelHit 1769, 1245, 78.3299, 0
PixelHit 1770, 1243, 136.589, 0
PixelHit 1771, 1244, 315.117, 0
PixelHit 1772, 1241, 149.736, 0
PixelHit 1772, 1242, 167.597, 0
PixelHit 1772, 1243, 204.619, 0
PixelHit 1772, 1244, 125.107, 0
PixelHit 1772, 1245, 203.673, 0
PixelHit 1774, 1244, 75.8152, 0
PixelHit 1775, 1241, 188.895, 0
PixelHit 1775, 1243, 56.1881, 0
PixelHit 1775, 1246, 111.554, 0
PixelHit 1776, 1241, 235.056, 0
PixelHit 1777, 1240, 122.687, 0
PixelHit 1777, 1242, 165.203, 0
PixelHit 1779, 1241, 59.0465, 0
PixelHit 1779, 1243, 168.391, 0
PixelHit 1780, 1241, 92.4942, 0
PixelHit 1780, 1242, 96.6215, 0
PixelHit 1781, 1242, 215.997, 0
PixelHit 1782, 1240, 165.894, 0
PixelHit 1782, 1241, 136.582, 0
PixelHit 1783, 1241, 165.291, 0
PixelHit 1784, 1240, 94.2873, 0
PixelHit 1785, 1237, 148.147, 0
PixelHit 1785, 1238, 173.571, 0
PixelHit 1785, 1242, 72.3087, 0
PixelHit 1787, 1238, 62.2373, 0
PixelHit 1787, 1243, 262.962, 0
PixelHit 1788, 1240, 105.12, 0
PixelHit 1789, 1239, 142.376, 0
PixelHit 1789, 1240, 141.414, 0
PixelHit 1790, 1238, 114.656, 0
PixelHit 1790, 1239, 187.374, 0
PixelHit 1791, 1236, 102.449, 0
PixelHit 1791, 1240, 153.733, 0
PixelHit 1792, 1240, 136.992, 0
PixelHit 1792, 1241, 64.0996, 0
PixelHit 1793, 1238, 137.639, 0
PixelHit 1793, 1239, 179.723, 0
PixelHit 1794, 1234, 157.263, 0
PixelHit 1794, 1240, 188.164, 0
=== 695 ===
=== 696 ===
=== 697 ===
=== 698 ===
=== 699 ===
=== 700 ===
=== 701 ===
=== 702 ===
=== 703 ===
=== 704 ===
=== 705 ===
=== 706 ===
=== 707 ===
=== 708 ===
=== 709 ===
=== 710 ===
=== 711 ===
=== 712 ===
=== 713 ===
=== 714 ===
=== 715 ===
=== 716 ===
=== 717 ===
=== 718 ===
=== 719 ===
=== 720 ===
=== 721 ===
=== 722 ===
=== 723 ===
=== 724 ===
--- mydetector ---
PixelHit 231, 1273, 85.4406, 0
PixelHit 232, 1273, 142.529, 0
PixelHit 233, 1273, 134.467, 0
PixelHit 234, 1273, 195.752, 0
PixelHit 235, 1272, 85.585, 0
PixelHit 235, 1273, 87.637, 0
PixelHit 236, 1273, 55.1563, 0
PixelHit 237, 1271, 109.975, 0
PixelHit 237, 1272, 150.065, 0
PixelHit 239, 1270, 81.9946, 0
PixelHit 241, 1271, 157.676, 0
PixelHit 242, 1271, 136.973, 0
PixelHit 243, 1269, 111.359, 0
PixelHit 243, 1271, 106.337, 0
PixelHit 245, 1269, 121.945, 0
PixelHit 249, 1269, 99.9149, 0
PixelHit 251, 1268, 76.5179, 0
PixelHit 255, 1265, 136.379, 0
PixelHit 255, 1267, 163.564, 0
PixelHit 256, 1267, 123.72, 0
PixelHit 257, 1265, 115.229, 0
PixelHit 258, 1264, 115, 0
PixelHit 258, 1266, 257.184, 0
PixelHit 258, 1267, 55.1633, 0
PixelHit 259, 1265, 111.633, 0
PixelHit 259, 1266, 142.989, 0
PixelHit 259, 1268, 115.462, 0
PixelHit 260, 1265, 124.8, 0
PixelHit 260, 1266, 266.865, 0
PixelHit 261, 1266, 100.67, 0
PixelHit 264, 1263, 55.5615, 0
PixelHit 264, 1264, 228.212, 0
PixelHit 265, 1264, 150.108, 0
PixelHit 266, 1265, 114.107, 0
PixelHit 267, 1263, 131.676, 0
PixelHit 267, 1266, 106.903, 0
PixelHit 268, 1263, 100.11, 0
PixelHit 269, 1264, 218.661, 0
PixelHit 270, 1263, 162.474, 0
PixelHit 270, 1264, 67.7962, 0
PixelHit 271, 1264, 197.657, 0
PixelHit 272, 1260, 118.469, 0
PixelHit 273, 1262, 136.936, 0
PixelHit 274, 1260, 80.6767, 0
PixelHit 274, 1262, 141.023, 0
PixelHit 275, 1260, 45.402, 0
PixelHit 275, 1261, 51.2918, 0
PixelHit 276, 1262, 66.3202, 0
PixelHit 277, 1261, 295.132, 0
PixelHit 277, 1262, 78.825, 0
PixelHit 278, 1263, 174.534, 0
PixelHit 279, 1261, 129.628, 0
PixelHit 281, 1258, 153.766, 0
PixelHit 284, 1261, 68.348, 0
PixelHit 285, 1258, 330.104, 0
PixelHit 286, 1260, 56.0142, 0
PixelHit 287, 1257, 82.7072, 0
PixelHit 287, 1259, 221.867, 0
PixelHit 287, 1260, 71.4633, 0
PixelHit 288, 1260, 87.5303, 0
PixelHit 289, 1257, 154.103, 0
PixelHit 289, 1259, 230.564, 0
PixelHit 290, 1256, 113.372, 0
PixelHit 290, 1259, 78.9228, 0
PixelHit 291, 1257, 211.99, 0
PixelHit 293, 1254, 99.1668, 0
PixelHit 293, 1255, 116.015, 0
PixelHit 294, 1257, 161.867, 0
PixelHit 297, 1254, 176.784, 0
PixelHit 297, 1258, 109.653, 0
PixelHit 978, 970, 114.906, 0
PixelHit 978, 972, 70.9206, 0
PixelHit 980, 970, 294.793, 0
PixelHit 983, 970, 130.58, 0
PixelHit 986, 968, 77.2535, 0
PixelHit 986, 970, 112.895, 0
PixelHit 987, 969, 73.8059, 0
PixelHit 989, 969, 245.946, 0
PixelHit 991, 967, 156.548, 0
PixelHit 992, 967, 60.8067, 0
PixelHit 992, 968, 136.902, 0
PixelHit 993, 966, 89.7401, 0
PixelHit 993, 967, 125.968, 0
PixelHit 994, 967, 106.072, 0
PixelHit 995, 966, 92.6913, 0
PixelHit 996, 966, 104.339, 0
PixelHit 997, 966, 64.4848, 0
PixelHit 997, 968, 117.617, 0
PixelHit 998, 967, 247.986, 0
PixelHit 999, 964, 67.684, 0
PixelHit 999, 965, 145.947, 0
PixelHit 999, 966, 70.6088, 0
PixelHit 1000, 964, 162.585, 0
PixelHit 1001, 963, 95.9264, 0
PixelHit 1001, 965, 205.226, 0
PixelHit 1001, 966, 122.618, 0
PixelHit 1002, 965, 112.899, 0
PixelHit 1003, 966, 296.535, 0
PixelHit 1004, 965, 65.1386, 0
PixelHit 1005, 964, 151.611, 0
PixelHit 1006, 964, 94.5668, 0
PixelHit 1007, 962, 51.4624, 0
PixelHit 1007, 963, 131.739, 0
PixelHit 1013, 962, 73.4067, 0
PixelHit 1016, 963, 107.064, 0
PixelHit 1017, 961, 99.3068, 0
PixelHit 1017, 962, 80.6748, 0
PixelHit 1018, 961, 102.271, 0
PixelHit 1019, 959, 112.644, 0
PixelHit 1020, 961, 190.529, 0
PixelHit 1020, 963, 56.8911, 0
PixelHit 1021, 959, 112.271, 0
PixelHit 1022, 957, 120.328, 0
PixelHit 1023, 958, 71.3212, 0
PixelHit 1024, 958, 50.1967, 0
PixelHit 1024, 962, 197.54, 0
PixelHit 1025, 959, 124.223, 0
PixelHit 1027, 956, 92.7878, 0
PixelHit 1027, 959, 152.168, 0
PixelHit 1028, 958, 220.33, 0
PixelHit 1029, 956, 69.8051, 0
PixelHit 1029, 958, 110.014, 0
PixelHit 1030, 958, 239.193, 0
PixelHit 1032, 957, 114.322, 0
PixelHit 1033, 957, 60.8763, 0
PixelHit 1033, 958, 68.5138, 0
PixelHit 1034, 959, 164.75, 0
PixelHit 1035, 950, 169.551, 0
PixelHit 1035, 954, 69.3395, 0
PixelHit 1035, 956, 286.06, 0
PixelHit 1035, 958, 258.76, 0
PixelHit 1036, 955, 161.986, 0
PixelHit 1036, 956, 304.012, 0
PixelHit 1037, 956, 203.347, 0
PixelHit 1038, 953, 150.357, 0
PixelHit 1038, 956, 73.3176, 0
PixelHit 1039, 952, 73.3576, 0
PixelHit 1041, 956, 158.868, 0
PixelHit 1042, 959, 99.609, 0
=== 725 ===
=== 726 ===
=== 727 ===
=== 728 ===
=== 729 ===
=== 730 ===
=== 731 ===
=== 732 ===
=== 733 ===
=== 734 ===
=== 735 ===
=== 736 ===
=== 737 ===
=== 738 ===
=== 739 ===
=== 740 ===
=== 741 ===
=== 742 ===
=== 743 ===
=== 744 ===
=== 745 ===
=== 746 ===
=== 747 ===
=== 748 ===
=== 749 ===
=== 750 ===
=== 751 ===
=== 752 ===
=== 753 ===
=== 754 ===
=== 755 ===
=== 756 ===
=== 757 ===
=== 758 ===
=== 759 ===
=== 760 ===
=== 761 ===
=== 762 ===
=== 763 ===
=== 764 ===
=== 765 ===
=== 766 ===
=== 767 ===
=== 768 ===
=== 769 ===
=== 770 ===
=== 771 ===
=== 772 ===
=== 773 ===
=== 774 ===
=== 775 ===
=== 776 ===
=== 777 ===
=== 778 ===
=== 779 ===
=== 780 ===
=== 781 ===
=== 782 ===
=== 783 ===
=== 784 ===
=== 785 ===
=== 786 ===
=== 787 ===
=== 788 ===
=== 789 ===
=== 790 ===
=== 791 ===
=== 792 ===
=== 793 ===
=== 794 ===
=== 795 ===
=== 796 ===
=== 797 ===
=== 798 ===
=== 799 ===
=== 800 ===
=== 801 ===
=== 802 ===
=== 803 ===
=== 804 ===
=== 805 ===
=== 806 ===
=== 807 ===
=== 808 ===
=== 809 ===
=== 810 ===
=== 811 ===
--- mydetector ---
PixelHit 297, 1654, 116.729, 0
PixelHit 298, 1654, 65.9213, 0
PixelHit 298, 1655, 81.3388, 0
PixelHit 299, 1654, 65.7786, 0
PixelHit 303, 1652, 216.119, 0
PixelHit 304, 1651, 78.4714, 0
PixelHit 304, 1652, 93.1176, 0
PixelHit 306, 1651, 143.415, 0
PixelHit 306, 1652, 51.9975, 0
PixelHit 307, 1651, 104.717, 0
PixelHit 309, 1650, 240.069, 0
PixelHit 309, 1651, 76.8997, 0
PixelHit 310, 1649, 89.8453, 0
PixelHit 310, 1650, 273.148, 0
PixelHit 311, 1647, 215.501, 0
PixelHit 312, 1648, 77.6032, 0
PixelHit 313, 1647, 59.9273, 0
PixelHit 313, 1649, 210.124, 0
PixelHit 315, 1648, 113.652, 0
PixelHit 319, 1645, 116.798, 0
PixelHit 320, 1647, 95.9905, 0
PixelHit 321, 1645, 272.943, 0
PixelHit 322, 1645, 84.8084, 0
PixelHit 324, 1644, 135.941, 0
PixelHit 326, 1642, 74.6672, 0
PixelHit 326, 1643, 133.809, 0
PixelHit 326, 1644, 112.333, 0
PixelHit 327, 1645, 179.901, 0
PixelHit 328, 1644, 203.567, 0
PixelHit 328, 1647, 56.7409, 0
PixelHit 329, 1642, 165.336, 0
PixelHit 331, 1643, 112.139, 0
PixelHit 332, 1641, 174.397, 0
PixelHit 334, 1640, 81.4531, 0
PixelHit 335, 1640, 268.76, 0
PixelHit 336, 1639, 106.278, 0
PixelHit 338, 1641, 138.668, 0
PixelHit 340, 1640, 150.08, 0
PixelHit 341, 1638, 71.6586, 0
PixelHit 345, 1636, 239.516, 0
PixelHit 346, 1636, 129.644, 0
PixelHit 346, 1638, 130.515, 0
PixelHit 348, 1637, 166.594, 0
PixelHit 349, 1637, 178.071, 0
PixelHit 350, 1639, 225.018, 0
PixelHit 351, 1635, 79.9526, 0
PixelHit 351, 1636, 71.6199, 0
PixelHit 353, 1634, 149.77, 0
PixelHit 354, 1633, 85.2678, 0
PixelHit 355, 1634, 53.1946, 0
PixelHit 357, 1635, 123.691, 0
PixelHit 359, 1634, 175.694, 0
PixelHit 360, 1631, 114.502, 0
PixelHit 360, 1632, 319.792, 0
PixelHit 361, 1630, 191.488, 0
PixelHit 361, 1633, 171.578, 0
PixelHit 363, 1630, 149.258, 0
PixelHit 363, 1631, 295.852, 0
PixelHit 363, 1633, 169.723, 0
PixelHit 364, 1633, 45.9731, 0
PixelHit 366, 1632, 56.6619, 0
PixelHit 368, 1632, 120.494, 0
PixelHit 2465, 335, 78.2947, 0
PixelHit 2466, 335, 122.536, 0
PixelHit 2468, 334, 145.476, 0
PixelHit 2468, 335, 121.365, 0
PixelHit 2472, 334, 217.33, 0
PixelHit 2474, 334, 98.4446, 0
PixelHit 2475, 332, 103.172, 0
PixelHit 2476, 332, 147.896, 0
PixelHit 2476, 333, 100.331, 0
PixelHit 2477, 330, 113.048, 0
PixelHit 2477, 331, 65.9407, 0
PixelHit 2477, 333, 286.654, 0
PixelHit 2480, 330, 99.4733, 0
PixelHit 2480, 331, 101.817, 0
PixelHit 2482, 331, 70.918, 0
PixelHit 2485, 329, 150.724, 0
PixelHit 2485, 331, 276.84, 0
PixelHit 2486, 329, 101.383, 0
PixelHit 2486, 331, 99.0658, 0
PixelHit 2488, 329, 231.297, 0
PixelHit 2491, 329, 125.034, 0
PixelHit 2492, 329, 118.008, 0
PixelHit 2492, 331, 65.4894, 0
PixelHit 2493, 330, 183.929, 0
PixelHit 2494, 327, 137.978, 0
PixelHit 2494, 329, 71.3118, 0
PixelHit 2496, 328, 57.3687, 0
PixelHit 2496, 329, 131.73, 0
PixelHit 2496, 330, 255.968, 0
PixelHit 2497, 327, 181.061, 0
PixelHit 2498, 328, 100.906, 0
PixelHit 2498, 329, 89.0682, 0
PixelHit 2500, 328, 77.0732, 0
PixelHit 2501, 326, 109.633, 0
PixelHit 2501, 327, 220.961, 0
PixelHit 2503, 327, 85.4383, 0
PixelHit 2505, 327, 93.3231, 0
PixelHit 2514, 322, 47.7078, 0
=== 812 ===
=== 813 ===
=== 814 ===
=== 815 ===
=== 816 ===
=== 817 ===
=== 818 ===
=== 819 ===
=== 820 ===
=== 821 ===
=== 822 ===
=== 823 ===
=== 824 ===
=== 825 ===
=== 826 ===
=== 827 ===
=== 828 ===
=== 829 ===
=== 830 ===
=== 831 ===
=== 832 ===
=== 833 ===
=== 834 ===
=== 835 ===
=== 836 ===
=== 837 ===
=== 838 ===
=== 839 ===
=== 840 ===
=== 841 ===
=== 842 ===
=== 843 ===
=== 844 ===
=== 845 ===
=== 846 ===
=== 847 ===
=== 848 ===
=== 849 ===
=== 850 ===
=== 851 ===
=== 852 ===
=== 853 ===
=== 854 ===
=== 855 ===
=== 856 ===
=== 857 ===
=== 858 ===
=== 859 ===
=== 860 ===
=== 861 ===
=== 862 ===
=== 863 ===
=== 864 ===
=== 865 ===
=== 866 ===
=== 867 ===
=== 868 ===
=== 869 ===
=== 870 ===
=== 871 ===
=== 872 ===
=== 873 ===
=== 874 ===
=== 875 ===
=== 876 ===
=== 877 ===
=== 878 ===
=== 879 ===
=== 880 ===
=== 881 ===
=== 882 ===
=== 883 ===
=== 884 ===
=== 885 ===
=== 886 ===
=== 887 ===
=== 888 ===
=== 889 ===
=== 890 ===
=== 891 ===
=== 892 ===
=== 893 ===
=== 894 ===
=== 895 ===
=== 896 ===
=== 897 ===
=== 898 ===
=== 899 ===
=== 900 ===
=== 901 ===
=== 902 ===
=== 903 ===
--- mydetector ---
PixelHit 1494, 1211, 200.983, 0
PixelHit 1495, 1210, 65.1628, 0
PixelHit 1500, 1208, 197.57, 0
PixelHit 1500, 1210, 125.49, 0
PixelHit 1501, 1209, 144.272, 0
PixelHit 1502, 1207, 108.618, 0
PixelHit 1502, 1208, 273.316, 0
PixelHit 1503, 1206, 75.5679, 0
PixelHit 1504, 1209, 81.0319, 0
PixelHit 1509, 1204, 110.292, 0
PixelHit 1513, 1203, 107.338, 0
PixelHit 1513, 1204, 275.549, 0
PixelHit 1514, 1203, 93.6587, 0
PixelHit 1515, 1203, 108.671, 0
PixelHit 1515, 1204, 196.738, 0
PixelHit 1515, 1206, 191.863, 0
PixelHit 1516, 1200, 103.265, 0
PixelHit 1516, 1203, 250.446, 0
PixelHit 1516, 1204, 122.38, 0
PixelHit 1517, 1202, 238.737, 0
PixelHit 1517, 1203, 299.404, 0
PixelHit 1519, 1201, 106.959, 0
PixelHit 1519, 1202, 167.502, 0
PixelHit 1520, 1200, 123.2, 0
PixelHit 1521, 1199, 108.967, 0
PixelHit 1521, 1201, 155.782, 0
PixelHit 1521, 1203, 267.19, 0
PixelHit 1522, 1201, 123.886, 0
PixelHit 1522, 1202, 111.453, 0
PixelHit 1523, 1201, 301.887, 0
PixelHit 1524, 1198, 149.502, 0
PixelHit 1526, 1198, 165.35, 0
PixelHit 1526, 1199, 148.127, 0
PixelHit 1527, 1197, 180.501, 0
PixelHit 1527, 1198, 124.522, 0
PixelHit 1527, 1199, 92.1175, 0
PixelHit 1528, 1197, 112.438, 0
PixelHit 1528, 1199, 72.968, 0
PixelHit 1530, 1198, 157.642, 0
PixelHit 1531, 1195, 324.137, 0
PixelHit 1531, 1196, 171.898, 0
PixelHit 1532, 1195, 53.928, 0
PixelHit 1532, 1198, 122.507, 0
PixelHit 1533, 1195, 150.959, 0
PixelHit 1534, 1195, 299.336, 0
PixelHit 1534, 1196, 150.057, 0
PixelHit 1534, 1199, 165.297, 0
PixelHit 1535, 1195, 248.605, 0
PixelHit 1535, 1197, 65.5652, 0
PixelHit 1536, 1195, 75.6667, 0
PixelHit 1536, 1196, 151.059, 0
PixelHit 1538, 1196, 72.3305, 0
PixelHit 1538, 1197, 139.203, 0
PixelHit 1539, 1188, 123.079, 0
PixelHit 1540, 1195, 94.8164, 0
PixelHit 1541, 1195, 121.086, 0
PixelHit 1544, 1192, 97.9043, 0
PixelHit 1545, 1193, 148.023, 0
=== 904 ===
=== 905 ===
=== 906 ===
=== 907 ===
=== 908 ===
=== 909 ===
=== 910 ===
=== 911 ===
=== 912 ===
=== 913 ===
=== 914 ===
=== 915 ===
=== 916 ===
=== 917 ===
=== 918 ===
=== 919 ===
=== 920 ===
=== 921 ===
=== 922 ===
=== 923 ===
=== 924 ===
=== 925 ===
=== 926 ===
=== 927 ===
=== 928 ===
=== 929 ===
=== 930 ===
=== 931 ===
=== 932 ===
=== 933 ===
=== 934 ===
=== 935 ===
=== 936 ===
=== 937 ===
=== 938 ===
=== 939 ===
=== 940 ===
=== 941 ===
=== 942 ===
=== 943 ===
=== 944 ===
--- mydetector ---
PixelHit 1314, 1119, 139.946, 0
PixelHit 1315, 1121, 58.7239, 0
PixelHit 1316, 1120, 126.298, 0
PixelHit 1317, 1119, 254.417, 0
PixelHit 1318, 1119, 310.803, 0
PixelHit 1318, 1120, 114.737, 0
PixelHit 1319, 1118, 181.82, 0
PixelHit 1319, 1119, 191.326, 0
PixelHit 1320, 1119, 91.7582, 0
PixelHit 1321, 1118, 97.1382, 0
PixelHit 1326, 1116, 188.946, 0
PixelHit 1326, 1118, 154.171, 0
PixelHit 1327, 1116, 319.864, 0
PixelHit 1328, 1117, 225.575, 0
PixelHit 1329, 1116, 70.5552, 0
PixelHit 1331, 1115, 107.475, 0
PixelHit 1335, 1114, 150.555, 0
PixelHit 1336, 1112, 201.345, 0
PixelHit 1337, 1113, 161.272, 0
PixelHit 1338, 1110, 152.851, 0
PixelHit 1338, 1112, 371.571, 0
PixelHit 1338, 1114, 97.3456, 0
PixelHit 1339, 1113, 177.81, 0
PixelHit 1339, 1115, 205.198, 0
PixelHit 1340, 1109, 139.55, 0
PixelHit 1341, 1110, 83.2057, 0
PixelHit 1341, 1111, 96.9026, 0
PixelHit 1341, 1113, 131.726, 0
PixelHit 1342, 1111, 209.468, 0
PixelHit 1342, 1112, 54.8312, 0
PixelHit 1342, 1113, 222.476, 0
PixelHit 1343, 1110, 72.7639, 0
PixelHit 1344, 1110, 65.5629, 0
PixelHit 1344, 1112, 66.8068, 0
PixelHit 1347, 1110, 72.7563, 0
PixelHit 1347, 1112, 65.166, 0
PixelHit 1348, 1110, 101.806, 0
PixelHit 1350, 1110, 179.935, 0
PixelHit 1351, 1109, 197.806, 0
PixelHit 1353, 1110, 57.5752, 0
PixelHit 1354, 1106, 233.886, 0
PixelHit 1354, 1109, 146.873, 0
PixelHit 1354, 1110, 204.405, 0
PixelHit 1355, 1107, 67.5425, 0
PixelHit 1357, 1105, 188.068, 0
PixelHit 1357, 1107, 129.597, 0
PixelHit 1361, 1108, 173.114, 0
PixelHit 1362, 1103, 184.026, 0
PixelHit 1363, 1105, 145.888, 0
PixelHit 1363, 1106, 312.63, 0
PixelHit 1364, 1106, 90.0924, 0
PixelHit 1364, 1108, 153.956, 0
PixelHit 1365, 1104, 52.6455, 0
PixelHit 1365, 1106, 126.23, 0
PixelHit 1365, 1110, 169.868, 0
PixelHit 1366, 1103, 72.7723, 0
PixelHit 2554, 647, 319.184, 0
PixelHit 2555, 647, 170.916, 0
PixelHit 2557, 645, 163.091, 0
PixelHit 2557, 646, 136.079, 0
PixelHit 2558, 647, 138.767, 0
PixelHit 2561, 643, 109.288, 0
PixelHit 2562, 644, 215.095, 0
PixelHit 2565, 644, 197.346, 0
PixelHit 2567, 643, 83.6901, 0
PixelHit 2567, 645, 64.3083, 0
PixelHit 2568, 641, 198.656, 0
PixelHit 2568, 642, 251.1, 0
PixelHit 2568, 644, 96.267, 0
PixelHit 2570, 641, 89.9401, 0
PixelHit 2570, 643, 85.6667, 0
PixelHit 2570, 644, 83.8126, 0
PixelHit 2571, 643, 242.657, 0
PixelHit 2572, 642, 64.0198, 0
PixelHit 2573, 641, 57.4471, 0
PixelHit 2577, 639, 143.166, 0
PixelHit 2577, 641, 155.344, 0
PixelHit 2578, 639, 59.7475, 0
PixelHit 2579, 638, 130.184, 0
PixelHit 2579, 639, 136.95, 0
PixelHit 2580, 639, 144.867, 0
PixelHit 2580, 640, 115.901, 0
PixelHit 2580, 641, 92.3523, 0
PixelHit 2581, 637, 75.3028, 0
PixelHit 2583, 638, 74.4957, 0
PixelHit 2583, 640, 109.149, 0
PixelHit 2584, 636, 132.619, 0
PixelHit 2584, 638, 72.7524, 0
PixelHit 2584, 639, 120.699, 0
PixelHit 2585, 640, 107.512, 0
PixelHit 2586, 635, 78.8742, 0
PixelHit 2587, 635, 84.1252, 0
PixelHit 2587, 636, 178.536, 0
PixelHit 2587, 637, 112.28, 0
PixelHit 2587, 638, 59.5823, 0
PixelHit 2587, 640, 58.0762, 0
PixelHit 2588, 635, 64.8011, 0
PixelHit 2588, 640, 69.9527, 0
PixelHit 2590, 636, 164.751, 0
PixelHit 2590, 637, 82.5934, 0
PixelHit 2590, 640, 79.6587, 0
=== 945 ===
=== 946 ===
=== 947 ===
=== 948 ===
=== 949 ===
=== 950 ===
=== 951 ===
=== 952 ===
=== 953 ===
=== 954 ===
=== 955 ===
=== 956 ===
=== 957 ===
--- mydetector ---
PixelHit 2399, 569, 146.866, 0
PixelHit 2400, 568, 78.4502, 0
PixelHit 2400, 569, 568.66, 0
PixelHit 2401, 569, 288.885, 0
PixelHit 2403, 567, 92.8187, 0
PixelHit 2403, 568, 186.526, 0
PixelHit 2404, 568, 293.155, 0
PixelHit 2407, 568, 60.058, 0
PixelHit 2408, 567, 112.547, 0
PixelHit 2410, 568, 89.1356, 0
PixelHit 2411, 566, 99.9728, 0
PixelHit 2412, 565, 195.03, 0
PixelHit 2415, 566, 126.035, 0
PixelHit 2417, 564, 124.376, 0
PixelHit 2417, 565, 161.761, 0
PixelHit 2418, 563, 76.2568, 0
PixelHit 2419, 564, 287.313, 0
PixelHit 2420, 562, 80.7721, 0
PixelHit 2420, 565, 133.621, 0
PixelHit 2424, 563, 81.7265, 0
PixelHit 2425, 562, 124.256, 0
PixelHit 2425, 563, 78.0219, 0
PixelHit 2427, 560, 121.076, 0
PixelHit 2428, 560, 59.4466, 0
PixelHit 2431, 559, 68.6007, 0
PixelHit 2434, 562, 116.243, 0
PixelHit 2437, 557, 51.9868, 0
PixelHit 2437, 559, 118.423, 0
PixelHit 2437, 560, 335.605, 0
PixelHit 2438, 557, 187.593, 0
PixelHit 2438, 559, 235.358, 0
PixelHit 2439, 559, 89.0478, 0
PixelHit 2440, 556, 140.407, 0
PixelHit 2441, 559, 90.3338, 0
PixelHit 2443, 559, 82.2278, 0
PixelHit 2444, 559, 213.305, 0
PixelHit 2445, 561, 75.0347, 0
PixelHit 2446, 559, 133.193, 0
=== 958 ===
=== 959 ===
=== 960 ===
=== 961 ===
=== 962 ===
=== 963 ===
=== 964 ===
=== 965 ===
=== 966 ===
=== 967 ===
=== 968 ===
=== 969 ===
=== 970 ===
=== 971 ===
=== 972 ===
=== 973 ===
=== 974 ===
=== 975 ===
=== 976 ===
=== 977 ===
=== 978 ===
=== 979 ===
=== 980 ===
=== 981 ===
=== 982 ===
=== 983 ===
=== 984 ===
=== 985 ===
=== 986 ===
=== 987 ===
=== 988 ===
=== 989 ===
=== 990 ===
=== 991 ===
=== 992 ===
=== 993 ===
=== 994 ===
=== 995 ===
=== 996 ===
=== 997 ===
=== 998 ===
--- mydetector ---
PixelHit 1661, 935, 206.037, 0
PixelHit 1662, 934, 347.644, 0
PixelHit 1663, 933, 135.259, 0
PixelHit 1664, 934, 89.0563, 0
PixelHit 1668, 931, 100.544, 0
PixelHit 1669, 932, 155.172, 0
PixelHit 1670, 930, 57.3925, 0
PixelHit 1671, 932, 142.164, 0
PixelHit 1672, 932, 109.778, 0
PixelHit 1673, 930, 161.252, 0
PixelHit 1675, 930, 168.41, 0
PixelHit 1675, 931, 258.187, 0
PixelHit 1676, 929, 56.5347, 0
PixelHit 1677, 930, 180.945, 0
PixelHit 1678, 931, 103.642, 0
PixelHit 1679, 928, 78.1311, 0
PixelHit 1679, 929, 86.1373, 0
PixelHit 1680, 930, 76.0803, 0
PixelHit 1681, 929, 69.2707, 0
PixelHit 1683, 927, 248.296, 0
PixelHit 1685, 929, 100.314, 0
PixelHit 1686, 926, 243.73, 0
PixelHit 1688, 927, 115.16, 0
PixelHit 1689, 927, 92.9883, 0
PixelHit 1690, 925, 109.89, 0
PixelHit 1690, 926, 93.6821, 0
PixelHit 1692, 923, 200.325, 0
PixelHit 1692, 926, 181.659, 0
PixelHit 1692, 927, 68.6762, 0
PixelHit 1694, 926, 108.237, 0
PixelHit 1695, 925, 99.5342, 0
PixelHit 1697, 924, 78.7555, 0
PixelHit 1698, 921, 174.757, 0
PixelHit 1698, 923, 52.5392, 0
PixelHit 1699, 924, 40.9653, 0
PixelHit 1700, 922, 303.253, 0
PixelHit 1700, 923, 175.59, 0
PixelHit 1701, 923, 250.286, 0
PixelHit 1701, 924, 97.5892, 0
PixelHit 1703, 919, 96.7052, 0
PixelHit 1703, 920, 167.147, 0
PixelHit 1703, 921, 131.808, 0
PixelHit 1704, 922, 67.7552, 0
PixelHit 1704, 923, 68.2028, 0
PixelHit 1705, 921, 159.219, 0
PixelHit 1705, 923, 71.6906, 0
PixelHit 1708, 917, 169.309, 0
PixelHit 1708, 924, 83.5764, 0
PixelHit 1709, 921, 185.486, 0
PixelHit 1709, 922, 132.918, 0
PixelHit 1710, 918, 160.375, 0
PixelHit 1710, 920, 118.018, 0
PixelHit 1711, 918, 107.163, 0
PixelHit 1711, 919, 121.933, 0
PixelHit 1711, 921, 278.967, 0
PixelHit 1712, 917, 107.767, 0
PixelHit 1712, 920, 225.598, 0
PixelHit 1713, 917, 152.876, 0
PixelHit 1713, 918, 150.241, 0
PixelHit 1713, 919, 99.4616, 0
PixelHit 1713, 920, 291.37, 0
PixelHit 1714, 922, 93.4422, 0
PixelHit 1715, 917, 91.7518, 0
PixelHit 1716, 916, 122.514, 0
PixelHit 1717, 917, 145.66, 0
PixelHit 1717, 919, 65.1289, 0
PixelHit 1721, 918, 76.0087, 0
=== 999 ===
=== 1000 ===
# 1933 objects from 24 messages
