# Allpix Squared ASCII data - https://cern.ch/allpix-squared

=== 1 ===
=== 2 ===
=== 3 ===
=== 4 ===
=== 5 ===
=== 6 ===
=== 7 ===
=== 8 ===
=== 9 ===
--- mydetector ---
PixelHit 0, 965, 126.167, 0
PixelHit 0, 967, 160.815, 0
PixelHit 0, 968, 64.8059, 0
PixelHit 1, 966, 119.559, 0
PixelHit 3, 967, 180.677, 0
PixelHit 3, 968, 173.828, 0
PixelHit 4, 967, 281.375, 0
PixelHit 5, 968, 93.0878, 0
PixelHit 7, 967, 167.278, 0
PixelHit 7, 968, 80.5347, 0
PixelHit 7, 969, 108.587, 0
PixelHit 7, 970, 115.07, 0
PixelHit 8, 968, 79.7607, 0
PixelHit 8, 969, 152.248, 0
PixelHit 8, 970, 330.431, 0
PixelHit 9, 967, 49.0566, 0
PixelHit 10, 970, 128.383, 0
PixelHit 12, 971, 100.147, 0
PixelHit 14, 970, 110.087, 0
PixelHit 14, 971, 140.063, 0
PixelHit 15, 970, 71.5831, 0
PixelHit 16, 972, 217.473, 0
PixelHit 17, 971, 169.793, 0
PixelHit 18, 971, 101.839, 0
PixelHit 19, 971, 215.066, 0
PixelHit 21, 969, 57.1946, 0
PixelHit 21, 971, 78.1542, 0
PixelHit 22, 970, 203.974, 0
PixelHit 22, 971, 158.074, 0
PixelHit 23, 970, 282.795, 0
PixelHit 24, 969, 132.682, 0
PixelHit 24, 971, 143.076, 0
PixelHit 25, 970, 124.041, 0
=== 10 ===
=== 11 ===
=== 12 ===
=== 13 ===
--- mydetector ---
PixelHit 1823, 969, 132.095, 0
PixelHit 1823, 970, 81.5468, 0
PixelHit 1824, 969, 592.318, 0
PixelHit 1825, 969, 505.082, 0
PixelHit 1826, 970, 292.902, 0
PixelHit 1827, 970, 62.3769, 0
PixelHit 1828, 969, 61.2187, 0
PixelHit 1829, 971, 388.37, 0
PixelHit 1830, 970, 237.122, 0
PixelHit 1830, 971, 213.843, 0
PixelHit 1830, 972, 52.6892, 0
PixelHit 1831, 969, 50.8536, 0
PixelHit 1831, 970, 154.646, 0
PixelHit 1832, 966, 97.504, 0
PixelHit 1832, 969, 170.611, 0
PixelHit 1832, 970, 226.15, 0
PixelHit 1832, 971, 176.339, 0
PixelHit 1833, 968, 165.3, 0
PixelHit 1833, 970, 195.024, 0
PixelHit 1833, 971, 236.65, 0
PixelHit 1834, 967, 48.8202, 0
PixelHit 1834, 969, 200.044, 0
PixelHit 1834, 970, 238.174, 0
PixelHit 1835, 967, 54.0976, 0
PixelHit 1835, 968, 77.494, 0
PixelHit 1835, 969, 237.6, 0
PixelHit 1835, 970, 188.56, 0
PixelHit 1836, 965, 59.1833, 0
PixelHit 1836, 969, 104.92, 0
PixelHit 1837, 968, 64.6234, 0
PixelHit 1838, 967, 172.083, 0
PixelHit 1838, 968, 99.5592, 0
PixelHit 1839, 968, 283.442, 0
PixelHit 1839, 969, 119.402, 0
PixelHit 1840, 966, 182.119, 0
PixelHit 1840, 967, 156.11, 0
PixelHit 1840, 968, 155.952, 0
PixelHit 1841, 965, 87.9394, 0
PixelHit 1841, 967, 298.989, 0
PixelHit 1841, 968, 150.047, 0
PixelHit 1841, 970, 67.5989, 0
PixelHit 1841, 971, 179.801, 0
PixelHit 1842, 967, 73.6524, 0
PixelHit 1842, 970, 69.4424, 0
PixelHit 1843, 967, 81.6036, 0
PixelHit 1843, 968, 150.542, 0
PixelHit 1844, 968, 68.6996, 0
PixelHit 1844, 969, 96.9991, 0
PixelHit 1844, 970, 103.184, 0
PixelHit 1845, 967, 167.836, 0
PixelHit 1845, 968, 113.198, 0
PixelHit 1845, 969, 237.993, 0
PixelHit 1845, 971, 109.448, 0
PixelHit 1845, 972, 45.902, 0
PixelHit 1845, 973, 186.749, 0
PixelHit 1846, 970, 178.754, 0
PixelHit 1847, 972, 217.425, 0
PixelHit 2497, 972, 107.199, 0
=== 14 ===
--- mydetector ---
PixelHit 473, 944, 293.328, 0
PixelHit 473, 946, 171.25, 0
PixelHit 473, 947, 316.965, 0
PixelHit 473, 948, 143.953, 0
PixelHit 473, 950, 48.9528, 0
PixelHit 473, 952, 198.322, 0
PixelHit 473, 954, 109.708, 0
PixelHit 474, 944, 257.496, 0
PixelHit 474, 945, 158.246, 0
PixelHit 474, 946, 116.961, 0
PixelHit 474, 947, 127.891, 0
PixelHit 474, 948, 149.071, 0
PixelHit 474, 949, 275.75, 0
PixelHit 474, 950, 160.014, 0
PixelHit 474, 951, 123.793, 0
PixelHit 474, 952, 166.939, 0
PixelHit 474, 954, 68.0592, 0
PixelHit 475, 948, 126.234, 0
PixelHit 475, 951, 137.557, 0
PixelHit 475, 952, 394.975, 0
PixelHit 475, 953, 203.057, 0
PixelHit 475, 954, 178.337, 0
PixelHit 475, 957, 167.219, 0
PixelHit 476, 951, 140.673, 0
PixelHit 476, 952, 79.2082, 0
PixelHit 476, 953, 126.288, 0
PixelHit 476, 954, 93.7967, 0
PixelHit 476, 957, 85.7788, 0
PixelHit 476, 958, 123.052, 0
PixelHit 476, 959, 156.441, 0
PixelHit 476, 960, 85.0538, 0
PixelHit 478, 960, 213.845, 0
PixelHit 479, 960, 122.413, 0
PixelHit 480, 960, 66.2629, 0
PixelHit 480, 961, 234.195, 0
PixelHit 480, 962, 105.77, 0
PixelHit 480, 963, 194.455, 0
PixelHit 480, 964, 172.547, 0
PixelHit 481, 961, 133.593, 0
PixelHit 481, 964, 167.395, 0
PixelHit 482, 962, 49.0667, 0
PixelHit 482, 963, 90.7767, 0
PixelHit 482, 964, 66.5551, 0
PixelHit 484, 964, 268.498, 0
PixelHit 484, 965, 197.41, 0
PixelHit 484, 966, 102.419, 0
PixelHit 485, 964, 269.943, 0
PixelHit 485, 968, 93.2419, 0
PixelHit 485, 970, 64.8263, 0
PixelHit 486, 966, 225.27, 0
PixelHit 487, 967, 101.49, 0
PixelHit 487, 971, 60.0855, 0
PixelHit 488, 967, 143.347, 0
PixelHit 489, 970, 249.195, 0
PixelHit 489, 971, 117.609, 0
PixelHit 490, 970, 93.2643, 0
PixelHit 493, 975, 86.5325, 0
=== 15 ===
=== 16 ===
=== 17 ===
=== 18 ===
=== 19 ===
=== 20 ===
=== 21 ===
=== 22 ===
=== 23 ===
=== 24 ===
=== 25 ===
=== 26 ===
=== 27 ===
=== 28 ===
=== 29 ===
=== 30 ===
=== 31 ===
=== 32 ===
=== 33 ===
=== 34 ===
=== 35 ===
=== 36 ===
--- mydetector ---
PixelHit 1141, 972, 94.1707, 0
PixelHit 1142, 972, 233.399, 0
PixelHit 1143, 971, 339.38, 0
PixelHit 1144, 971, 230.217, 0
PixelHit 1144, 972, 75.9255, 0
PixelHit 1145, 971, 160.756, 0
PixelHit 1146, 971, 64.0727, 0
PixelHit 1147, 971, 62.0974, 0
PixelHit 1147, 972, 142.049, 0
PixelHit 1148, 971, 181.225, 0
PixelHit 1149, 972, 81.0944, 0
PixelHit 1149, 974, 88.5234, 0
PixelHit 1149, 975, 217.998, 0
PixelHit 1150, 973, 101.638, 0
PixelHit 1151, 973, 78.6699, 0
PixelHit 1152, 972, 189.938, 0
PixelHit 1154, 973, 126.559, 0
PixelHit 1155, 969, 171.242, 0
PixelHit 1155, 970, 216.648, 0
PixelHit 1158, 971, 147.768, 0
PixelHit 1158, 972, 129.392, 0
PixelHit 1159, 970, 131.641, 0
PixelHit 1159, 971, 83.1827, 0
PixelHit 1160, 971, 51.9795, 0
PixelHit 1160, 972, 118.614, 0
PixelHit 1161, 970, 389.629, 0
PixelHit 1161, 971, 183.41, 0
PixelHit 1162, 970, 219.33, 0
PixelHit 1165, 969, 255.234, 0
=== 37 ===
=== 38 ===
=== 39 ===
=== 40 ===
=== 41 ===
=== 42 ===
=== 43 ===
--- mydetector ---
PixelHit 1674, 951, 274.261, 0
PixelHit 1675, 951, 75.6644, 0
PixelHit 1678, 952, 141.198, 0
PixelHit 1679, 951, 249.224, 0
PixelHit 1679, 952, 280.326, 0
PixelHit 1680, 951, 93.6798, 0
PixelHit 1680, 952, 92.8433, 0
PixelHit 1680, 953, 147.308, 0
PixelHit 1682, 953, 240.362, 0
PixelHit 1683, 953, 123.51, 0
PixelHit 1683, 954, 98.3976, 0
PixelHit 1684, 953, 90.3419, 0
PixelHit 1684, 954, 247.941, 0
PixelHit 1686, 954, 107.342, 0
PixelHit 1688, 955, 85.1221, 0
PixelHit 1688, 956, 312.235, 0
PixelHit 1688, 958, 225.939, 0
PixelHit 1689, 956, 90.4537, 0
PixelHit 1689, 957, 167.198, 0
PixelHit 1689, 958, 72.1001, 0
PixelHit 1690, 958, 132.716, 0
PixelHit 1692, 957, 172.754, 0
PixelHit 1692, 960, 88.7076, 0
PixelHit 1693, 960, 109.294, 0
PixelHit 1693, 962, 151.206, 0
PixelHit 1694, 961, 84.5197, 0
PixelHit 1694, 964, 155.854, 0
PixelHit 1695, 965, 209.574, 0
PixelHit 1695, 966, 192.944, 0
PixelHit 1696, 964, 71.9359, 0
PixelHit 1696, 966, 308.495, 0
PixelHit 1696, 967, 213.826, 0
PixelHit 1697, 966, 135.725, 0
PixelHit 1698, 965, 117.437, 0
PixelHit 1699, 967, 111.652, 0
PixelHit 1700, 965, 145.09, 0
PixelHit 1700, 967, 138.835, 0
PixelHit 1700, 968, 108.845, 0
PixelHit 1700, 969, 80.9361, 0
PixelHit 1700, 970, 166.704, 0
PixelHit 1701, 966, 78.873, 0
PixelHit 1701, 968, 135.912, 0
PixelHit 1702, 969, 145.602, 0
PixelHit 1702, 970, 277.501, 0
PixelHit 1703, 969, 124.912, 0
PixelHit 1703, 970, 72.6983, 0
PixelHit 1704, 971, 169.522, 0
PixelHit 1705, 972, 82.187, 0
PixelHit 1707, 970, 124.874, 0
PixelHit 1707, 972, 238.246, 0
PixelHit 2427, 968, 207.024, 0
=== 44 ===
=== 45 ===
=== 46 ===
--- mydetector ---
PixelHit 2416, 950, 169.024, 0
PixelHit 2416, 951, 213.954, 0
PixelHit 2416, 952, 125.432, 0
PixelHit 2416, 953, 163.491, 0
PixelHit 2416, 954, 52.3866, 0
PixelHit 2417, 954, 157.9, 0
PixelHit 2417, 955, 163.571, 0
PixelHit 2418, 954, 99.7965, 0
PixelHit 2418, 955, 229.228, 0
PixelHit 2419, 958, 188.329, 0
PixelHit 2420, 954, 149.517, 0
PixelHit 2420, 957, 222.636, 0
PixelHit 2421, 955, 113.437, 0
PixelHit 2421, 956, 205.722, 0
PixelHit 2421, 957, 440.978, 0
PixelHit 2422, 956, 205.886, 0
PixelHit 2422, 960, 91.6935, 0
PixelHit 2423, 958, 160.382, 0
PixelHit 2423, 959, 260.085, 0
PixelHit 2423, 960, 225.582, 0
PixelHit 2424, 958, 58.3074, 0
PixelHit 2424, 959, 105.674, 0
PixelHit 2424, 961, 143.298, 0
PixelHit 2425, 960, 83.3832, 0
PixelHit 2425, 962, 200.58, 0
PixelHit 2425, 963, 63.854, 0
PixelHit 2426, 961, 146.601, 0
PixelHit 2426, 962, 88.374, 0
PixelHit 2428, 961, 71.7726, 0
PixelHit 2428, 962, 118.672, 0
PixelHit 2428, 963, 177.707, 0
PixelHit 2429, 962, 66.9825, 0
PixelHit 2429, 963, 184.844, 0
PixelHit 2429, 965, 69.7583, 0
PixelHit 2429, 966, 67.9366, 0
PixelHit 2430, 964, 264.421, 0
PixelHit 2430, 965, 139.209, 0
PixelHit 2430, 966, 158.46, 0
PixelHit 2431, 964, 236.979, 0
PixelHit 2431, 965, 130.108, 0
PixelHit 2431, 966, 184.463, 0
PixelHit 2431, 967, 97.2477, 0
PixelHit 2431, 968, 52.6605, 0
PixelHit 2432, 966, 106.327, 0
PixelHit 2432, 967, 151.904, 0
PixelHit 2432, 968, 80.9187, 0
PixelHit 2433, 969, 197.723, 0
PixelHit 2435, 971, 75.0191, 0
PixelHit 2438, 974, 120.85, 0
PixelHit 2440, 972, 179.715, 0
PixelHit 2441, 970, 81.8444, 0
PixelHit 2441, 972, 66.1933, 0
PixelHit 2445, 973, 246.428, 0
PixelHit 2446, 974, 112.965, 0
PixelHit 2447, 972, 91.0745, 0
PixelHit 2448, 974, 151.569, 0
PixelHit 2448, 975, 228.03, 0
PixelHit 2449, 973, 188.631, 0
PixelHit 2449, 975, 71.8775, 0
=== 47 ===
=== 48 ===
=== 49 ===
=== 50 ===
=== 51 ===
=== 52 ===
=== 53 ===
=== 54 ===
=== 55 ===
=== 56 ===
=== 57 ===
=== 58 ===
=== 59 ===
=== 60 ===
=== 61 ===
=== 62 ===
=== 63 ===
=== 64 ===
=== 65 ===
=== 66 ===
=== 67 ===
--- mydetector ---
PixelHit 450, 990, 84.1979, 0
PixelHit 451, 990, 302.775, 0
PixelHit 451, 991, 267.264, 0
PixelHit 451, 992, 114.627, 0
PixelHit 452, 989, 240.308, 0
PixelHit 452, 990, 832.775, 0
PixelHit 452, 991, 683.495, 0
PixelHit 452, 992, 250.152, 0
PixelHit 453, 986, 48.7872, 0
PixelHit 453, 987, 202.422, 0
PixelHit 453, 988, 67.7359, 0
PixelHit 453, 989, 190.04, 0
PixelHit 453, 990, 471.843, 0
PixelHit 453, 991, 948.807, 0
PixelHit 453, 992, 430.27, 0
PixelHit 453, 993, 128.57, 0
PixelHit 454, 983, 72.5446, 0
PixelHit 454, 984, 107.449, 0
PixelHit 454, 985, 292.33, 0
PixelHit 454, 986, 123.466, 0
PixelHit 454, 988, 257.946, 0
PixelHit 454, 989, 399.881, 0
PixelHit 454, 990, 501.068, 0
PixelHit 454, 991, 357.195, 0
PixelHit 454, 992, 144.239, 0
PixelHit 455, 979, 123.337, 0
PixelHit 455, 980, 50.2959, 0
PixelHit 455, 981, 167.909, 0
PixelHit 455, 982, 159.005, 0
PixelHit 455, 983, 132.481, 0
PixelHit 455, 984, 98.1727, 0
PixelHit 455, 985, 215.858, 0
PixelHit 455, 986, 211.325, 0
PixelHit 455, 987, 240.047, 0
PixelHit 455, 988, 360.178, 0
PixelHit 455, 989, 264.115, 0
PixelHit 455, 990, 180.837, 0
PixelHit 455, 992, 150.608, 0
PixelHit 456, 975, 103.9, 0
PixelHit 456, 980, 124.633, 0
PixelHit 456, 981, 220.999, 0
PixelHit 456, 982, 197.279, 0
PixelHit 456, 984, 242.638, 0
PixelHit 456, 985, 106.181, 0
PixelHit 456, 988, 336.706, 0
PixelHit 456, 989, 201.265, 0
PixelHit 456, 990, 69.3942, 0
PixelHit 457, 972, 121.247, 0
PixelHit 457, 981, 156.405, 0
PixelHit 457, 982, 119.253, 0
PixelHit 457, 987, 244.064, 0
PixelHit 457, 988, 313.575, 0
PixelHit 458, 973, 407.666, 0
PixelHit 458, 976, 117.313, 0
PixelHit 458, 977, 215.226, 0
PixelHit 458, 979, 207.689, 0
PixelHit 458, 987, 85.494, 0
PixelHit 459, 974, 280.341, 0
PixelHit 459, 976, 125.527, 0
PixelHit 460, 972, 163.415, 0
PixelHit 460, 973, 144.431, 0
PixelHit 460, 974, 441.399, 0
PixelHit 460, 975, 111.13, 0
PixelHit 460, 976, 115.734, 0
PixelHit 460, 977, 141.837, 0
PixelHit 461, 971, 126.511, 0
PixelHit 461, 972, 68.7586, 0
PixelHit 461, 974, 79.0381, 0
PixelHit 461, 975, 111.462, 0
PixelHit 462, 970, 264.365, 0
PixelHit 462, 971, 65.368, 0
PixelHit 462, 973, 125.308, 0
PixelHit 462, 975, 100.794, 0
PixelHit 462, 976, 83.514, 0
PixelHit 463, 968, 188.692, 0
PixelHit 463, 970, 207.814, 0
PixelHit 463, 971, 70.4153, 0
PixelHit 463, 972, 413.73, 0
PixelHit 463, 973, 113.032, 0
PixelHit 464, 969, 228.208, 0
PixelHit 464, 970, 49.0363, 0
PixelHit 464, 971, 84.9555, 0
PixelHit 464, 973, 65.7281, 0
PixelHit 465, 969, 66.5127, 0
PixelHit 465, 970, 67.6415, 0
PixelHit 1803, 970, 114.958, 0
=== 68 ===
=== 69 ===
=== 70 ===
=== 71 ===
=== 72 ===
=== 73 ===
=== 74 ===
=== 75 ===
=== 76 ===
=== 77 ===
=== 78 ===
=== 79 ===
=== 80 ===
=== 81 ===
=== 82 ===
=== 83 ===
=== 84 ===
=== 85 ===
=== 86 ===
=== 87 ===
=== 88 ===
=== 89 ===
=== 90 ===
=== 91 ===
=== 92 ===
=== 93 ===
=== 94 ===
=== 95 ===
=== 96 ===
=== 97 ===
=== 98 ===
=== 99 ===
=== 100 ===
# 373 objects from 7 messages
