# Allpix Squared ASCII data - https://cern.ch/allpix-squared

=== 1 ===
=== 2 ===
=== 3 ===
=== 4 ===
=== 5 ===
=== 6 ===
=== 7 ===
=== 8 ===
--- mydetector ---
PixelHit 1201, 1066, 95.988, 0
PixelHit 1202, 1066, 379.076, 0
PixelHit 1202, 1067, 44.721, 0
PixelHit 1204, 1066, 513.121, 0
PixelHit 1204, 1067, 71.5733, 0
PixelHit 1205, 1066, 106.002, 0
PixelHit 1206, 1067, 173.191, 0
PixelHit 1207, 1066, 155.161, 0
PixelHit 1208, 1066, 144.97, 0
PixelHit 1210, 1065, 240.301, 0
PixelHit 1210, 1066, 107.224, 0
PixelHit 1211, 1066, 391.18, 0
PixelHit 1212, 1065, 115.94, 0
PixelHit 1212, 1066, 69.8062, 0
PixelHit 1215, 1066, 49.9324, 0
PixelHit 1217, 1064, 212.877, 0
PixelHit 1219, 1064, 156.036, 0
PixelHit 1219, 1065, 218.466, 0
PixelHit 1220, 1066, 95.4259, 0
PixelHit 1221, 1065, 144.649, 0
PixelHit 1221, 1067, 91.8131, 0
PixelHit 1222, 1064, 78.731, 0
PixelHit 1222, 1065, 56.4887, 0
PixelHit 1222, 1066, 75.0435, 0
PixelHit 1223, 1065, 86.3519, 0
PixelHit 1224, 1066, 159.326, 0
PixelHit 1228, 1065, 78.6584, 0
PixelHit 1228, 1068, 216.22, 0
PixelHit 1229, 1064, 414.908, 0
PixelHit 1229, 1067, 121.898, 0
PixelHit 1229, 1069, 110.895, 0
PixelHit 1230, 1064, 63.667, 0
PixelHit 1230, 1065, 57.4885, 0
PixelHit 1230, 1066, 59.4736, 0
PixelHit 1231, 1064, 321.451, 0
PixelHit 1231, 1066, 193.835, 0
PixelHit 1231, 1068, 58.2151, 0
PixelHit 1232, 1065, 252.836, 0
PixelHit 1234, 1065, 116.549, 0
PixelHit 1235, 1065, 81.0632, 0
PixelHit 1235, 1066, 165.298, 0
PixelHit 1235, 1068, 94.9094, 0
PixelHit 1237, 1065, 171.062, 0
PixelHit 1237, 1066, 267.972, 0
PixelHit 1237, 1067, 65.6233, 0
PixelHit 1237, 1068, 59.9974, 0
PixelHit 1238, 1066, 206.596, 0
PixelHit 1239, 1064, 74.5585, 0
PixelHit 1240, 1065, 72.677, 0
PixelHit 1240, 1066, 105.362, 0
PixelHit 1241, 1064, 101.905, 0
PixelHit 1241, 1066, 107.549, 0
PixelHit 1242, 1066, 275.624, 0
PixelHit 1242, 1067, 102.205, 0
PixelHit 1242, 1068, 54.4973, 0
PixelHit 1243, 1062, 92.2356, 0
PixelHit 1243, 1064, 240.918, 0
PixelHit 1243, 1067, 191.655, 0
PixelHit 1243, 1068, 77.8423, 0
PixelHit 1244, 1062, 108.404, 0
PixelHit 1244, 1065, 186.38, 0
PixelHit 1245, 1062, 245.888, 0
PixelHit 1246, 1065, 130.158, 0
PixelHit 1246, 1067, 98.0011, 0
PixelHit 1247, 1067, 149.548, 0
PixelHit 1249, 1064, 82.4677, 0
PixelHit 1250, 1066, 118.077, 0
PixelHit 1250, 1069, 122.926, 0
PixelHit 1251, 1067, 51.0906, 0
PixelHit 1423, 559, 163.977, 0
PixelHit 1423, 560, 108.359, 0
PixelHit 1424, 559, 71.6947, 0
PixelHit 1425, 558, 86.4257, 0
PixelHit 1426, 560, 103.591, 0
PixelHit 1427, 560, 83.2368, 0
PixelHit 1428, 559, 245.888, 0
PixelHit 1429, 560, 121.248, 0
PixelHit 1430, 558, 218.664, 0
PixelHit 1430, 559, 131.391, 0
PixelHit 1431, 559, 124.44, 0
PixelHit 1432, 560, 66.984, 0
PixelHit 1433, 559, 73.0409, 0
PixelHit 1433, 560, 161.391, 0
PixelHit 1434, 558, 166.023, 0
PixelHit 1434, 559, 88.0417, 0
PixelHit 1434, 560, 88.8971, 0
PixelHit 1435, 559, 104.877, 0
PixelHit 1436, 559, 293.337, 0
PixelHit 1436, 560, 150.683, 0
PixelHit 1437, 560, 61.1555, 0
PixelHit 1440, 557, 139.754, 0
PixelHit 1440, 560, 387.823, 0
PixelHit 1441, 559, 223.248, 0
PixelHit 1441, 560, 174.514, 0
PixelHit 1442, 559, 151.374, 0
PixelHit 1442, 561, 183.17, 0
PixelHit 1443, 560, 56.1031, 0
PixelHit 1444, 560, 82.8769, 0
PixelHit 1445, 560, 134.933, 0
PixelHit 1447, 558, 179.355, 0
PixelHit 1447, 564, 208.997, 0
PixelHit 1449, 560, 179.057, 0
PixelHit 1449, 561, 151.514, 0
PixelHit 1450, 560, 170.466, 0
PixelHit 1450, 562, 394.337, 0
PixelHit 1451, 558, 115.843, 0
PixelHit 1451, 560, 86.2867, 0
PixelHit 1451, 562, 287.96, 0
PixelHit 1452, 559, 206.026, 0
PixelHit 1452, 561, 185.662, 0
PixelHit 1452, 562, 171.315, 0
PixelHit 1453, 560, 122.757, 0
PixelHit 1453, 561, 230.447, 0
PixelHit 1454, 561, 180.681, 0
PixelHit 1454, 562, 62.5317, 0
PixelHit 1455, 562, 77.0362, 0
PixelHit 1456, 558, 59.0657, 0
PixelHit 1458, 562, 105.837, 0
PixelHit 1460, 560, 152.74, 0
PixelHit 1462, 561, 192.148, 0
PixelHit 1462, 564, 102.452, 0
PixelHit 1464, 561, 70.1166, 0
PixelHit 1464, 562, 47.1849, 0
PixelHit 1465, 559, 101.327, 0
PixelHit 1465, 560, 102.272, 0
PixelHit 1465, 561, 235.161, 0
PixelHit 1468, 560, 162.754, 0
PixelHit 1470, 563, 73.0976, 0
PixelHit 1471, 562, 92.237, 0
PixelHit 1471, 563, 105.36, 0
PixelHit 1472, 560, 159.992, 0
PixelHit 1476, 565, 216.975, 0
=== 9 ===
=== 10 ===
=== 11 ===
=== 12 ===
=== 13 ===
=== 14 ===
=== 15 ===
=== 16 ===
=== 17 ===
=== 18 ===
=== 19 ===
=== 20 ===
=== 21 ===
=== 22 ===
--- mydetector ---
PixelHit 825, 982, 184.741, 0
PixelHit 828, 982, 128.493, 0
PixelHit 832, 982, 194.964, 0
PixelHit 832, 983, 89.4752, 0
PixelHit 833, 981, 76.0337, 0
PixelHit 833, 982, 181.958, 0
PixelHit 833, 983, 100.938, 0
PixelHit 834, 982, 94.0695, 0
PixelHit 835, 982, 281.563, 0
PixelHit 836, 981, 117.987, 0
PixelHit 836, 982, 209.582, 0
PixelHit 837, 981, 89.0726, 0
PixelHit 843, 983, 96.2893, 0
PixelHit 844, 981, 114.918, 0
PixelHit 845, 982, 205.039, 0
PixelHit 847, 981, 118.431, 0
PixelHit 847, 982, 49.6629, 0
PixelHit 848, 981, 75.7776, 0
PixelHit 850, 981, 160.236, 0
PixelHit 853, 982, 92.2564, 0
PixelHit 855, 983, 246.998, 0
PixelHit 856, 978, 110.715, 0
PixelHit 856, 982, 89.2688, 0
PixelHit 856, 983, 126.802, 0
PixelHit 859, 984, 122.65, 0
PixelHit 860, 981, 133.866, 0
PixelHit 860, 983, 77.5531, 0
PixelHit 862, 980, 65.2634, 0
PixelHit 863, 982, 51.6547, 0
PixelHit 864, 982, 95.0631, 0
PixelHit 866, 982, 86.0848, 0
PixelHit 866, 983, 120.234, 0
PixelHit 866, 984, 164.091, 0
PixelHit 868, 981, 153.109, 0
PixelHit 869, 982, 139.655, 0
PixelHit 870, 979, 75.4422, 0
PixelHit 870, 981, 157.124, 0
PixelHit 870, 982, 110.491, 0
PixelHit 871, 983, 211.529, 0
PixelHit 874, 978, 196.687, 0
PixelHit 875, 979, 102.688, 0
PixelHit 875, 983, 86.2956, 0
PixelHit 876, 979, 227.131, 0
PixelHit 876, 983, 325.082, 0
PixelHit 878, 980, 82.7766, 0
PixelHit 878, 981, 85.882, 0
PixelHit 878, 986, 125.916, 0
PixelHit 883, 981, 132.523, 0
PixelHit 1227, 976, 103.98, 0
PixelHit 1228, 976, 80.4409, 0
PixelHit 1229, 976, 1136.45, 0
PixelHit 1229, 977, 78.0079, 0
PixelHit 1230, 976, 852.346, 0
PixelHit 1230, 977, 279.7, 0
PixelHit 1232, 976, 119.714, 0
PixelHit 1233, 976, 78.2843, 0
PixelHit 1233, 977, 79.3017, 0
PixelHit 1234, 975, 128.633, 0
PixelHit 1235, 976, 177.083, 0
PixelHit 1235, 977, 179.565, 0
PixelHit 1236, 977, 141.993, 0
PixelHit 1237, 975, 141.674, 0
PixelHit 1238, 977, 54.4602, 0
PixelHit 1239, 977, 81.1225, 0
PixelHit 1240, 977, 121.37, 0
PixelHit 1241, 975, 184.95, 0
PixelHit 1241, 976, 76.9677, 0
PixelHit 1242, 975, 84.4378, 0
PixelHit 1243, 976, 273.907, 0
PixelHit 1244, 977, 105.963, 0
PixelHit 1246, 977, 114.078, 0
PixelHit 1247, 976, 92.9646, 0
PixelHit 1249, 976, 140.677, 0
PixelHit 1251, 975, 122.537, 0
PixelHit 1253, 975, 247.461, 0
PixelHit 1253, 978, 87.809, 0
PixelHit 1254, 977, 196.706, 0
PixelHit 1255, 977, 69.1717, 0
PixelHit 1257, 974, 72.5365, 0
PixelHit 1257, 975, 103.191, 0
PixelHit 1257, 976, 165.732, 0
PixelHit 1258, 975, 284.218, 0
PixelHit 1258, 976, 59.1428, 0
PixelHit 1258, 977, 122.022, 0
PixelHit 1258, 978, 147.545, 0
PixelHit 1259, 974, 259.14, 0
PixelHit 1259, 976, 154.334, 0
PixelHit 1261, 975, 134.234, 0
PixelHit 1261, 976, 54.3618, 0
PixelHit 1261, 977, 143.411, 0
PixelHit 1262, 974, 206.934, 0
PixelHit 1262, 976, 119.623, 0
PixelHit 1264, 975, 112.026, 0
PixelHit 1264, 977, 187.588, 0
PixelHit 1266, 976, 61.4401, 0
PixelHit 1267, 976, 134.443, 0
PixelHit 1268, 978, 65.2385, 0
PixelHit 1270, 974, 108.532, 0
PixelHit 1271, 974, 94.9268, 0
PixelHit 1271, 975, 71.9132, 0
PixelHit 1271, 977, 154.567, 0
PixelHit 1272, 979, 48.7521, 0
PixelHit 1274, 976, 173.054, 0
PixelHit 1276, 976, 102.055, 0
PixelHit 1276, 979, 126.384, 0
PixelHit 1279, 975, 87.0216, 0
=== 23 ===
=== 24 ===
=== 25 ===
=== 26 ===
=== 27 ===
=== 28 ===
=== 29 ===
=== 30 ===
=== 31 ===
=== 32 ===
=== 33 ===
=== 34 ===
=== 35 ===
=== 36 ===
=== 37 ===
=== 38 ===
=== 39 ===
=== 40 ===
=== 41 ===
=== 42 ===
=== 43 ===
=== 44 ===
=== 45 ===
=== 46 ===
=== 47 ===
=== 48 ===
--- mydetector ---
PixelHit 994, 455, 60.4469, 0
PixelHit 995, 455, 247.749, 0
PixelHit 999, 455, 58.6596, 0
PixelHit 1001, 455, 71.4771, 0
PixelHit 1002, 455, 344.369, 0
PixelHit 1002, 457, 145.51, 0
PixelHit 1003, 455, 139.574, 0
PixelHit 1004, 454, 204.318, 0
PixelHit 1004, 455, 159.116, 0
PixelHit 1005, 455, 90.7647, 0
PixelHit 1007, 455, 113.068, 0
PixelHit 1009, 456, 56.0648, 0
PixelHit 1011, 457, 126.345, 0
PixelHit 1012, 456, 95.5105, 0
PixelHit 1012, 457, 195.848, 0
PixelHit 1013, 457, 157.59, 0
PixelHit 1014, 457, 223.304, 0
PixelHit 1014, 458, 165.076, 0
PixelHit 1017, 456, 116.846, 0
PixelHit 1017, 457, 105.559, 0
PixelHit 1019, 457, 179.633, 0
PixelHit 1019, 460, 163.264, 0
PixelHit 1020, 456, 185.952, 0
PixelHit 1021, 457, 231.256, 0
PixelHit 1021, 461, 113.474, 0
PixelHit 1022, 455, 214.54, 0
PixelHit 1022, 458, 106.451, 0
PixelHit 1023, 458, 153.617, 0
PixelHit 1023, 459, 114.287, 0
PixelHit 1025, 456, 157.515, 0
PixelHit 1026, 456, 155.802, 0
PixelHit 1026, 460, 127.825, 0
PixelHit 1027, 458, 183.084, 0
PixelHit 1027, 460, 203.296, 0
PixelHit 1028, 454, 93.6796, 0
PixelHit 1028, 456, 160.895, 0
PixelHit 1028, 457, 196.361, 0
PixelHit 1029, 454, 102.605, 0
PixelHit 1029, 457, 155.129, 0
PixelHit 1030, 455, 65.472, 0
PixelHit 1031, 457, 132.79, 0
PixelHit 1032, 457, 197.299, 0
PixelHit 1032, 459, 152.481, 0
PixelHit 1033, 457, 70.8182, 0
PixelHit 1034, 457, 63.1606, 0
PixelHit 1035, 457, 48.1558, 0
PixelHit 1036, 458, 51.6042, 0
PixelHit 1038, 456, 76.8925, 0
PixelHit 1038, 458, 154.896, 0
PixelHit 1038, 459, 52.6554, 0
PixelHit 1040, 459, 148.869, 0
PixelHit 1041, 459, 66.4203, 0
PixelHit 1043, 457, 121.756, 0
PixelHit 1043, 458, 192.428, 0
PixelHit 1044, 456, 76.4564, 0
PixelHit 1044, 457, 56.2902, 0
PixelHit 1044, 462, 284.584, 0
PixelHit 1045, 456, 243.71, 0
PixelHit 1045, 457, 48.6421, 0
PixelHit 1046, 459, 112.952, 0
PixelHit 1047, 459, 95.2885, 0
PixelHit 1452, 946, 240.81, 0
PixelHit 1453, 946, 155.55, 0
PixelHit 1454, 946, 67.7297, 0
PixelHit 1456, 947, 199.044, 0
PixelHit 1457, 947, 120.997, 0
PixelHit 1458, 945, 272.736, 0
PixelHit 1458, 946, 178.723, 0
PixelHit 1458, 947, 154.004, 0
PixelHit 1459, 947, 162.52, 0
PixelHit 1460, 947, 191.002, 0
PixelHit 1463, 947, 81.7975, 0
PixelHit 1465, 946, 253.262, 0
PixelHit 1466, 946, 71.4654, 0
PixelHit 1470, 946, 52.3187, 0
PixelHit 1470, 947, 224.11, 0
PixelHit 1470, 948, 72.1485, 0
PixelHit 1471, 947, 129.104, 0
PixelHit 1472, 948, 196.378, 0
PixelHit 1474, 945, 142.434, 0
PixelHit 1477, 944, 48.9111, 0
PixelHit 1482, 948, 168.056, 0
PixelHit 1483, 946, 152.15, 0
PixelHit 1486, 947, 216.803, 0
PixelHit 1488, 947, 106.859, 0
PixelHit 1489, 947, 100.258, 0
PixelHit 1490, 945, 52.2019, 0
PixelHit 1491, 946, 76.6171, 0
PixelHit 1491, 947, 81.3006, 0
PixelHit 1492, 943, 63.9868, 0
PixelHit 1492, 944, 102.987, 0
PixelHit 1492, 946, 85.1222, 0
PixelHit 1492, 948, 346.412, 0
PixelHit 1493, 947, 285.155, 0
PixelHit 1499, 949, 71.7925, 0
PixelHit 1500, 944, 266.958, 0
PixelHit 1500, 945, 76.7417, 0
PixelHit 1502, 947, 47.4845, 0
PixelHit 1503, 945, 148.931, 0
PixelHit 1503, 947, 101.607, 0
PixelHit 1504, 945, 85.0288, 0
=== 49 ===
=== 50 ===
--- mydetector ---
PixelHit 1273, 1008, 160.83, 0
PixelHit 1274, 1008, 419.367, 0
PixelHit 1274, 1009, 411.927, 0
PixelHit 1275, 1008, 294.342, 0
PixelHit 1275, 1009, 50.7962, 0
PixelHit 1276, 894, 330.766, 0
PixelHit 1276, 895, 372.721, 0
PixelHit 1276, 1008, 42.8556, 0
PixelHit 1277, 894, 355.85, 0
PixelHit 1277, 895, 935.14, 0
PixelHit 1277, 896, 178.313, 0
PixelHit 1277, 1008, 125.271, 0
PixelHit 1278, 894, 325.101, 0
PixelHit 1278, 1009, 112.519, 0
PixelHit 1279, 1009, 123.887, 0
PixelHit 1280, 1009, 142.535, 0
PixelHit 1281, 1007, 303.478, 0
PixelHit 1282, 1009, 154.393, 0
PixelHit 1283, 894, 259.58, 0
PixelHit 1283, 895, 115.186, 0
PixelHit 1283, 1008, 80.5035, 0
PixelHit 1283, 1009, 93.7536, 0
PixelHit 1284, 1007, 125.898, 0
PixelHit 1285, 894, 56.8581, 0
PixelHit 1285, 896, 104.181, 0
PixelHit 1285, 1008, 196.986, 0
PixelHit 1286, 1009, 202.353, 0
PixelHit 1287, 894, 59.6262, 0
PixelHit 1287, 1008, 126.623, 0
PixelHit 1288, 894, 181.733, 0
PixelHit 1288, 895, 94.5341, 0
PixelHit 1288, 896, 149.42, 0
PixelHit 1288, 1009, 217.478, 0
PixelHit 1289, 1009, 157.755, 0
PixelHit 1290, 895, 186.938, 0
PixelHit 1291, 896, 75.7498, 0
PixelHit 1291, 1005, 74.1208, 0
PixelHit 1292, 895, 108.565, 0
PixelHit 1292, 896, 60.8096, 0
PixelHit 1292, 1009, 59.2573, 0
PixelHit 1292, 1010, 83.2274, 0
PixelHit 1293, 893, 114.691, 0
PixelHit 1294, 894, 58.6458, 0
PixelHit 1294, 1007, 134.86, 0
PixelHit 1294, 1008, 79.4916, 0
PixelHit 1295, 895, 115.934, 0
PixelHit 1295, 896, 175.321, 0
PixelHit 1296, 896, 64.3186, 0
PixelHit 1296, 1008, 93.4215, 0
PixelHit 1297, 1007, 96.5676, 0
PixelHit 1297, 1010, 79.8092, 0
PixelHit 1298, 895, 86.3757, 0
PixelHit 1298, 896, 163.209, 0
PixelHit 1298, 897, 102.734, 0
PixelHit 1298, 1008, 145.228, 0
PixelHit 1298, 1009, 203.962, 0
PixelHit 1299, 894, 130.914, 0
PixelHit 1299, 895, 170.034, 0
PixelHit 1299, 1006, 114.07, 0
PixelHit 1299, 1008, 116.5, 0
PixelHit 1300, 1006, 65.0731, 0
PixelHit 1302, 895, 182.479, 0
PixelHit 1302, 896, 91.32, 0
PixelHit 1303, 897, 139.908, 0
PixelHit 1303, 1007, 130.661, 0
PixelHit 1304, 893, 69.5335, 0
PixelHit 1304, 1008, 62.321, 0
PixelHit 1305, 895, 178.857, 0
PixelHit 1305, 1007, 137.23, 0
PixelHit 1305, 1008, 129.773, 0
PixelHit 1306, 895, 188.697, 0
PixelHit 1306, 896, 72.6652, 0
PixelHit 1306, 1007, 100.57, 0
PixelHit 1306, 1010, 109.759, 0
PixelHit 1309, 895, 57.6687, 0
PixelHit 1309, 897, 204.377, 0
PixelHit 1309, 1009, 226.229, 0
PixelHit 1310, 894, 74.3854, 0
PixelHit 1310, 896, 109.349, 0
PixelHit 1310, 897, 118.54, 0
PixelHit 1310, 899, 167.039, 0
PixelHit 1311, 894, 104.22, 0
PixelHit 1311, 895, 182.133, 0
PixelHit 1311, 896, 59.9632, 0
PixelHit 1311, 897, 128.542, 0
PixelHit 1311, 899, 250.444, 0
PixelHit 1311, 1009, 68.2016, 0
PixelHit 1312, 892, 185.681, 0
PixelHit 1312, 897, 151.404, 0
PixelHit 1312, 898, 59.5728, 0
PixelHit 1313, 894, 59.175, 0
PixelHit 1313, 899, 166.371, 0
PixelHit 1314, 894, 138.221, 0
PixelHit 1314, 895, 97.6992, 0
PixelHit 1314, 1010, 138.244, 0
PixelHit 1315, 893, 59.2922, 0
PixelHit 1315, 897, 126.817, 0
PixelHit 1315, 1011, 62.2117, 0
PixelHit 1317, 897, 113.565, 0
PixelHit 1317, 1006, 67.8206, 0
PixelHit 1317, 1007, 94.6346, 0
PixelHit 1318, 893, 53.1321, 0
PixelHit 1318, 894, 102.289, 0
PixelHit 1318, 898, 148.673, 0
PixelHit 1318, 1006, 179.84, 0
PixelHit 1320, 895, 50.6564, 0
PixelHit 1320, 1006, 97.0015, 0
PixelHit 1321, 896, 76.4572, 0
PixelHit 1321, 1007, 173.298, 0
PixelHit 1321, 1012, 133.226, 0
PixelHit 1322, 899, 190.307, 0
PixelHit 1323, 891, 73.6416, 0
PixelHit 1323, 896, 124.314, 0
PixelHit 1325, 895, 64.8603, 0
=== 51 ===
=== 52 ===
=== 53 ===
=== 54 ===
=== 55 ===
=== 56 ===
=== 57 ===
=== 58 ===
=== 59 ===
=== 60 ===
=== 61 ===
=== 62 ===
=== 63 ===
=== 64 ===
=== 65 ===
=== 66 ===
=== 67 ===
=== 68 ===
=== 69 ===
=== 70 ===
=== 71 ===
--- mydetector ---
PixelHit 1487, 838, 81.7647, 0
PixelHit 1489, 837, 93.7511, 0
PixelHit 1491, 837, 131.989, 0
PixelHit 1491, 838, 166.68, 0
PixelHit 1494, 838, 134.014, 0
PixelHit 1494, 839, 45.7927, 0
PixelHit 1495, 838, 63.1531, 0
PixelHit 1497, 837, 177.899, 0
PixelHit 1497, 838, 186.581, 0
PixelHit 1497, 839, 79.8803, 0
PixelHit 1498, 837, 136.852, 0
PixelHit 1498, 838, 304.502, 0
PixelHit 1499, 838, 182.492, 0
PixelHit 1500, 836, 121.658, 0
PixelHit 1501, 837, 74.3729, 0
PixelHit 1501, 838, 329.358, 0
PixelHit 1501, 839, 160.001, 0
PixelHit 1502, 839, 198.371, 0
PixelHit 1503, 838, 118.209, 0
PixelHit 1504, 837, 85.226, 0
PixelHit 1504, 838, 48.7867, 0
PixelHit 1505, 837, 202.37, 0
PixelHit 1509, 839, 79.5976, 0
PixelHit 1511, 838, 94.8546, 0
PixelHit 1511, 839, 54.7461, 0
PixelHit 1512, 838, 116.585, 0
PixelHit 1514, 838, 96.831, 0
PixelHit 1515, 837, 165.729, 0
PixelHit 1515, 841, 139.872, 0
PixelHit 1516, 837, 86.2584, 0
PixelHit 1516, 838, 162.008, 0
PixelHit 1516, 840, 207.561, 0
PixelHit 1519, 840, 139.287, 0
PixelHit 1520, 840, 70.984, 0
PixelHit 1521, 839, 155.406, 0
PixelHit 1522, 838, 138.408, 0
PixelHit 1522, 839, 176.079, 0
PixelHit 1525, 839, 84.94, 0
PixelHit 1526, 837, 123.051, 0
PixelHit 1526, 840, 142.123, 0
PixelHit 1527, 834, 71.8602, 0
PixelHit 1527, 840, 202.645, 0
PixelHit 1527, 841, 99.9368, 0
PixelHit 1527, 843, 119.324, 0
PixelHit 1527, 847, 108.262, 0
PixelHit 1528, 837, 228.661, 0
PixelHit 1528, 840, 53.3903, 0
PixelHit 1528, 847, 232.657, 0
PixelHit 1529, 838, 65.282, 0
PixelHit 1529, 840, 98.6484, 0
PixelHit 1529, 846, 158.336, 0
PixelHit 1529, 847, 41.9232, 0
PixelHit 1530, 838, 192.13, 0
PixelHit 1530, 839, 69.9825, 0
PixelHit 1530, 841, 67.8305, 0
PixelHit 1531, 837, 109.484, 0
PixelHit 1531, 840, 53.5897, 0
PixelHit 1531, 842, 75.0538, 0
PixelHit 1533, 838, 61.7806, 0
PixelHit 1533, 839, 109.711, 0
PixelHit 1533, 841, 156.577, 0
PixelHit 1533, 847, 109.498, 0
PixelHit 1536, 848, 81.3283, 0
PixelHit 1537, 840, 104.248, 0
PixelHit 1537, 848, 160.434, 0
PixelHit 1538, 846, 94.7836, 0
PixelHit 1538, 847, 416.552, 0
PixelHit 1538, 848, 78.6385, 0
PixelHit 1539, 847, 109.81, 0
PixelHit 1539, 848, 157.69, 0
PixelHit 1541, 847, 109.333, 0
PixelHit 1544, 847, 150.865, 0
PixelHit 1544, 848, 109.708, 0
PixelHit 1545, 848, 94.1321, 0
PixelHit 1547, 845, 123.664, 0
PixelHit 1547, 846, 105.612, 0
PixelHit 1547, 847, 150.97, 0
PixelHit 1548, 849, 97.3581, 0
PixelHit 1549, 849, 53.955, 0
PixelHit 1550, 848, 46.897, 0
PixelHit 1553, 846, 130.572, 0
PixelHit 1553, 847, 220.31, 0
PixelHit 1554, 848, 62.6218, 0
PixelHit 1555, 847, 170.267, 0
PixelHit 1556, 848, 127.677, 0
PixelHit 1556, 850, 94.4379, 0
PixelHit 1557, 844, 168.469, 0
PixelHit 1557, 848, 123.889, 0
PixelHit 1558, 845, 71.8545, 0
PixelHit 1559, 849, 139.833, 0
PixelHit 1560, 846, 260.149, 0
PixelHit 1560, 850, 54.0541, 0
PixelHit 1561, 849, 57.6748, 0
PixelHit 1561, 850, 149.559, 0
PixelHit 1561, 851, 241.651, 0
PixelHit 1562, 849, 53.5066, 0
PixelHit 1563, 850, 104.348, 0
PixelHit 1565, 845, 231.645, 0
PixelHit 1565, 848, 54.642, 0
PixelHit 1565, 849, 60.2713, 0
PixelHit 1565, 850, 94.3554, 0
PixelHit 1565, 851, 103.286, 0
PixelHit 1566, 846, 52.2703, 0
PixelHit 1566, 847, 155.184, 0
PixelHit 1566, 848, 110.884, 0
PixelHit 1569, 849, 168.939, 0
PixelHit 1571, 851, 221.233, 0
PixelHit 1572, 846, 233.25, 0
PixelHit 1574, 845, 243.613, 0
PixelHit 1576, 847, 136.704, 0
PixelHit 1578, 847, 90.2419, 0
=== 72 ===
=== 73 ===
=== 74 ===
=== 75 ===
=== 76 ===
=== 77 ===
=== 78 ===
--- mydetector ---
PixelHit 1410, 907, 59.9731, 0
PixelHit 1411, 907, 127.831, 0
PixelHit 1414, 907, 162.212, 0
PixelHit 1416, 906, 59.3458, 0
PixelHit 1416, 907, 93.4978, 0
PixelHit 1416, 908, 112.013, 0
PixelHit 1417, 907, 209.315, 0
PixelHit 1417, 908, 202.611, 0
PixelHit 1418, 907, 105.302, 0
PixelHit 1418, 908, 190.509, 0
PixelHit 1419, 907, 51.0432, 0
PixelHit 1420, 907, 392.213, 0
PixelHit 1420, 908, 290.591, 0
PixelHit 1422, 907, 115.36, 0
PixelHit 1424, 905, 173.452, 0
PixelHit 1424, 907, 122.53, 0
PixelHit 1425, 908, 69.6519, 0
PixelHit 1426, 907, 121.981, 0
PixelHit 1426, 908, 97.5226, 0
PixelHit 1428, 907, 56.2095, 0
PixelHit 1428, 908, 221.465, 0
PixelHit 1429, 907, 88.3754, 0
PixelHit 1429, 908, 53.3321, 0
PixelHit 1431, 906, 135.502, 0
PixelHit 1431, 908, 205.543, 0
PixelHit 1432, 907, 166.436, 0
PixelHit 1432, 908, 119.735, 0
PixelHit 1433, 905, 131.168, 0
PixelHit 1433, 907, 119.958, 0
PixelHit 1433, 908, 163.997, 0
PixelHit 1434, 906, 123.277, 0
PixelHit 1434, 907, 141.426, 0
PixelHit 1434, 908, 62.6462, 0
PixelHit 1435, 907, 174.656, 0
PixelHit 1436, 907, 212.485, 0
PixelHit 1437, 907, 120.165, 0
PixelHit 1438, 905, 109.755, 0
PixelHit 1440, 906, 111.385, 0
PixelHit 1441, 908, 86.4707, 0
PixelHit 1443, 906, 72.3272, 0
PixelHit 1443, 907, 110.587, 0
PixelHit 1445, 907, 129.613, 0
PixelHit 1445, 908, 61.2858, 0
PixelHit 1446, 907, 104.928, 0
PixelHit 1448, 904, 252.437, 0
PixelHit 1450, 906, 70.3129, 0
PixelHit 1451, 906, 122.992, 0
PixelHit 1452, 906, 83.8227, 0
PixelHit 1453, 905, 70.0106, 0
PixelHit 1453, 906, 185.705, 0
PixelHit 1454, 909, 137.072, 0
PixelHit 1455, 907, 190.373, 0
PixelHit 1456, 907, 90.6559, 0
PixelHit 1458, 906, 172.647, 0
PixelHit 1458, 910, 91.109, 0
PixelHit 1460, 909, 172.979, 0
=== 79 ===
=== 80 ===
=== 81 ===
=== 82 ===
=== 83 ===
=== 84 ===
=== 85 ===
=== 86 ===
=== 87 ===
=== 88 ===
--- mydetector ---
PixelHit 1220, 912, 98.4035, 0
PixelHit 1221, 911, 69.4655, 0
PixelHit 1221, 912, 133.699, 0
PixelHit 1222, 912, 138.922, 0
PixelHit 1224, 911, 62.2231, 0
PixelHit 1224, 912, 162.952, 0
PixelHit 1225, 911, 87.193, 0
PixelHit 1226, 912, 156.377, 0
PixelHit 1227, 911, 134.944, 0
PixelHit 1227, 912, 280.952, 0
PixelHit 1229, 912, 82.5824, 0
PixelHit 1230, 912, 142.424, 0
PixelHit 1231, 912, 116.394, 0
PixelHit 1232, 911, 155.989, 0
PixelHit 1236, 911, 74.3161, 0
PixelHit 1236, 912, 104.309, 0
PixelHit 1237, 911, 118.327, 0
PixelHit 1238, 911, 120.872, 0
PixelHit 1238, 912, 181.099, 0
PixelHit 1238, 913, 95.1718, 0
PixelHit 1239, 909, 149.074, 0
PixelHit 1240, 912, 126.082, 0
PixelHit 1241, 911, 101.166, 0
PixelHit 1241, 913, 161.245, 0
PixelHit 1243, 912, 56.806, 0
PixelHit 1243, 913, 55.3432, 0
PixelHit 1244, 911, 125.17, 0
PixelHit 1244, 913, 115.653, 0
PixelHit 1248, 914, 123.138, 0
PixelHit 1250, 913, 100.195, 0
PixelHit 1252, 910, 96.5824, 0
PixelHit 1254, 910, 154.859, 0
PixelHit 1255, 910, 119.97, 0
PixelHit 1256, 912, 248.114, 0
PixelHit 1256, 913, 99.2488, 0
PixelHit 1259, 909, 155.944, 0
PixelHit 1259, 911, 186.572, 0
PixelHit 1259, 912, 55.675, 0
PixelHit 1260, 912, 40.8372, 0
PixelHit 1261, 911, 95.3157, 0
PixelHit 1261, 913, 78.6257, 0
PixelHit 1262, 911, 224.055, 0
PixelHit 1262, 912, 168.848, 0
PixelHit 1262, 913, 136.751, 0
PixelHit 1262, 915, 221.564, 0
PixelHit 1263, 910, 174.339, 0
PixelHit 1263, 911, 180.562, 0
PixelHit 1263, 912, 178.573, 0
PixelHit 1264, 910, 127.614, 0
PixelHit 1264, 913, 192.148, 0
PixelHit 1265, 909, 125.273, 0
PixelHit 1265, 914, 45.5478, 0
PixelHit 1265, 915, 67.9282, 0
PixelHit 1266, 910, 237.969, 0
PixelHit 1267, 915, 82.9912, 0
PixelHit 1269, 911, 158.617, 0
PixelHit 1270, 909, 173.707, 0
PixelHit 1270, 914, 231.741, 0
PixelHit 1278, 998, 164.055, 0
PixelHit 1282, 997, 53.8742, 0
PixelHit 1282, 998, 130.793, 0
PixelHit 1282, 999, 56.5921, 0
PixelHit 1284, 997, 147.799, 0
PixelHit 1284, 998, 485.542, 0
PixelHit 1284, 999, 129.618, 0
PixelHit 1285, 998, 338.572, 0
PixelHit 1285, 999, 221.694, 0
PixelHit 1287, 995, 136.499, 0
PixelHit 1289, 999, 273.24, 0
PixelHit 1291, 997, 106.692, 0
PixelHit 1292, 997, 122.74, 0
PixelHit 1295, 997, 47.9477, 0
PixelHit 1295, 998, 87.6554, 0
PixelHit 1296, 997, 308.153, 0
PixelHit 1297, 997, 196.263, 0
PixelHit 1298, 997, 83.5741, 0
PixelHit 1299, 995, 149.879, 0
PixelHit 1300, 999, 51.0456, 0
PixelHit 1301, 998, 69.5074, 0
PixelHit 1302, 997, 169.372, 0
PixelHit 1303, 998, 127.83, 0
PixelHit 1304, 999, 64.3545, 0
PixelHit 1305, 998, 274.303, 0
PixelHit 1306, 997, 210.25, 0
PixelHit 1307, 996, 172.236, 0
PixelHit 1309, 994, 136.271, 0
PixelHit 1309, 996, 177.688, 0
PixelHit 1309, 999, 233.851, 0
PixelHit 1310, 997, 168.35, 0
PixelHit 1310, 998, 63.0129, 0
PixelHit 1314, 998, 86.8202, 0
PixelHit 1314, 999, 110.456, 0
PixelHit 1315, 996, 189.368, 0
PixelHit 1315, 999, 128.913, 0
PixelHit 1316, 997, 105.649, 0
PixelHit 1316, 1000, 75.4473, 0
PixelHit 1318, 998, 79.7028, 0
PixelHit 1318, 999, 50.1468, 0
PixelHit 1318, 1000, 47.2522, 0
PixelHit 1319, 997, 154.057, 0
PixelHit 1320, 997, 62.6572, 0
PixelHit 1320, 998, 78.3217, 0
PixelHit 1320, 999, 300.427, 0
PixelHit 1322, 996, 70.3447, 0
PixelHit 1323, 996, 130.962, 0
PixelHit 1323, 998, 75.6831, 0
PixelHit 1324, 996, 146.888, 0
PixelHit 1326, 1000, 68.5587, 0
PixelHit 1327, 996, 216.935, 0
PixelHit 1328, 997, 78.6671, 0
=== 89 ===
=== 90 ===
=== 91 ===
=== 92 ===
=== 93 ===
=== 94 ===
=== 95 ===
=== 96 ===
=== 97 ===
=== 98 ===
=== 99 ===
=== 100 ===
# 730 objects from 7 messages
