# Allpix Squared ASCII data - https://cern.ch/allpix-squared

=== 1 ===
=== 2 ===
=== 3 ===
=== 4 ===
=== 5 ===
=== 6 ===
=== 7 ===
=== 8 ===
=== 9 ===
=== 10 ===
=== 11 ===
=== 12 ===
=== 13 ===
=== 14 ===
=== 15 ===
--- mydetector ---
PixelHit 857, 904, 163.061, 0
PixelHit 858, 905, 52.4523, 0
PixelHit 859, 904, 68.3159, 0
PixelHit 860, 904, 67.4913, 0
PixelHit 860, 905, 125.858, 0
PixelHit 861, 903, 52.9082, 0
PixelHit 863, 905, 137.592, 0
PixelHit 864, 903, 95.6672, 0
PixelHit 865, 903, 138.101, 0
PixelHit 865, 904, 142.883, 0
PixelHit 866, 903, 117.192, 0
PixelHit 867, 904, 92.1164, 0
PixelHit 867, 905, 86.8942, 0
PixelHit 868, 903, 195.573, 0
PixelHit 869, 904, 136.831, 0
PixelHit 869, 905, 72.5487, 0
PixelHit 870, 903, 244.957, 0
PixelHit 870, 904, 86.0229, 0
PixelHit 870, 905, 103.339, 0
PixelHit 872, 905, 154.302, 0
PixelHit 873, 904, 232.258, 0
PixelHit 874, 903, 126.372, 0
PixelHit 874, 904, 170.44, 0
PixelHit 875, 904, 65.0068, 0
PixelHit 875, 905, 164.713, 0
PixelHit 876, 904, 80.1057, 0
PixelHit 876, 906, 132.082, 0
PixelHit 881, 905, 171.361, 0
PixelHit 882, 904, 209.126, 0
PixelHit 883, 905, 64.9293, 0
PixelHit 884, 904, 76.7744, 0
PixelHit 884, 905, 82.2452, 0
PixelHit 884, 906, 50.8346, 0
PixelHit 884, 907, 162.609, 0
PixelHit 885, 905, 211.186, 0
PixelHit 886, 905, 149.479, 0
PixelHit 887, 907, 140.948, 0
PixelHit 888, 902, 88.5321, 0
PixelHit 888, 906, 63.4291, 0
PixelHit 889, 905, 86.0977, 0
PixelHit 890, 904, 125.66, 0
PixelHit 891, 905, 136.386, 0
PixelHit 892, 902, 76.0613, 0
PixelHit 892, 904, 228.403, 0
PixelHit 892, 905, 78.6788, 0
PixelHit 893, 904, 119.907, 0
PixelHit 893, 906, 149.122, 0
PixelHit 895, 903, 69.1096, 0
PixelHit 895, 904, 128.2, 0
PixelHit 897, 905, 110.271, 0
PixelHit 898, 904, 49.7451, 0
PixelHit 900, 908, 147.816, 0
PixelHit 901, 904, 76.0914, 0
PixelHit 901, 906, 109.359, 0
PixelHit 901, 908, 250.225, 0
PixelHit 902, 902, 91.4797, 0
PixelHit 903, 901, 84.9928, 0
PixelHit 903, 904, 78.936, 0
PixelHit 904, 902, 122.482, 0
PixelHit 904, 906, 84.7181, 0
PixelHit 905, 906, 78.4417, 0
PixelHit 907, 905, 150.624, 0
PixelHit 907, 910, 113.63, 0
PixelHit 908, 904, 123.917, 0
PixelHit 910, 903, 91.7793, 0
PixelHit 910, 904, 186.643, 0
PixelHit 910, 907, 49.31, 0
PixelHit 911, 902, 81.19, 0
PixelHit 1397, 988, 157.587, 0
PixelHit 1397, 989, 378.944, 0
PixelHit 1400, 988, 96.7887, 0
PixelHit 1402, 988, 49.9361, 0
PixelHit 1403, 988, 90.0404, 0
PixelHit 1403, 989, 142.369, 0
PixelHit 1405, 989, 195.63, 0
PixelHit 1406, 989, 117.043, 0
PixelHit 1406, 990, 135.789, 0
PixelHit 1407, 989, 360.414, 0
PixelHit 1408, 988, 194.181, 0
PixelHit 1408, 989, 198.999, 0
PixelHit 1408, 990, 118.319, 0
PixelHit 1408, 991, 137.124, 0
PixelHit 1409, 987, 194.29, 0
PixelHit 1409, 989, 263.197, 0
PixelHit 1410, 988, 253.866, 0
PixelHit 1410, 989, 103.009, 0
PixelHit 1413, 988, 174.283, 0
PixelHit 1415, 987, 133.629, 0
PixelHit 1415, 990, 253.412, 0
PixelHit 1417, 987, 74.5343, 0
PixelHit 1419, 988, 62.1861, 0
PixelHit 1419, 989, 117.748, 0
PixelHit 1419, 990, 107.478, 0
PixelHit 1422, 989, 148.147, 0
PixelHit 1424, 987, 106.991, 0
PixelHit 1424, 988, 84.1008, 0
PixelHit 1424, 990, 134.494, 0
PixelHit 1424, 991, 328.914, 0
PixelHit 1426, 988, 271.981, 0
PixelHit 1426, 989, 137.347, 0
PixelHit 1427, 987, 220.223, 0
PixelHit 1427, 989, 146.372, 0
PixelHit 1428, 991, 65.9556, 0
PixelHit 1429, 986, 61.2404, 0
PixelHit 1429, 989, 112.074, 0
PixelHit 1430, 990, 81.2064, 0
PixelHit 1431, 991, 84.3063, 0
PixelHit 1432, 987, 149.838, 0
PixelHit 1433, 985, 155.149, 0
PixelHit 1433, 986, 50.5145, 0
PixelHit 1433, 987, 241.466, 0
PixelHit 1433, 990, 227.756, 0
PixelHit 1435, 986, 139.912, 0
PixelHit 1435, 989, 59.2081, 0
PixelHit 1438, 993, 82.3062, 0
PixelHit 1440, 989, 72.1597, 0
PixelHit 1441, 988, 80.087, 0
PixelHit 1441, 990, 72.0005, 0
PixelHit 1441, 991, 145.298, 0
PixelHit 1445, 990, 107.929, 0
=== 16 ===
=== 17 ===
=== 18 ===
=== 19 ===
=== 20 ===
=== 21 ===
=== 22 ===
=== 23 ===
=== 24 ===
=== 25 ===
=== 26 ===
=== 27 ===
--- mydetector ---
PixelHit 1324, 949, 204.969, 0
PixelHit 1325, 949, 82.4026, 0
PixelHit 1326, 949, 46.1841, 0
PixelHit 1327, 949, 107.529, 0
PixelHit 1328, 949, 97.9889, 0
PixelHit 1328, 950, 153.92, 0
PixelHit 1329, 949, 76.2769, 0
PixelHit 1330, 948, 67.5855, 0
PixelHit 1330, 950, 58.6871, 0
PixelHit 1332, 949, 134.333, 0
PixelHit 1332, 950, 166.233, 0
PixelHit 1333, 949, 169.367, 0
PixelHit 1335, 949, 97.0448, 0
PixelHit 1336, 949, 61.818, 0
PixelHit 1337, 948, 75.7316, 0
PixelHit 1337, 949, 65.5598, 0
PixelHit 1337, 950, 165.171, 0
PixelHit 1338, 949, 132.241, 0
PixelHit 1342, 951, 193.25, 0
PixelHit 1343, 949, 195.621, 0
PixelHit 1344, 951, 248.999, 0
PixelHit 1346, 950, 74.1944, 0
PixelHit 1347, 949, 149.372, 0
PixelHit 1348, 948, 137.677, 0
PixelHit 1349, 951, 62.0456, 0
PixelHit 1350, 949, 191.605, 0
PixelHit 1350, 950, 147.452, 0
PixelHit 1351, 949, 157.226, 0
PixelHit 1352, 950, 119.483, 0
PixelHit 1352, 951, 90.0211, 0
PixelHit 1353, 948, 74.0699, 0
PixelHit 1353, 949, 160.957, 0
PixelHit 1354, 947, 92.8341, 0
PixelHit 1354, 950, 69.2954, 0
PixelHit 1356, 950, 143.107, 0
PixelHit 1357, 949, 124.129, 0
PixelHit 1357, 950, 127.864, 0
PixelHit 1358, 951, 55.6805, 0
PixelHit 1361, 949, 56.2065, 0
PixelHit 1362, 950, 59.7166, 0
PixelHit 1363, 952, 99.226, 0
PixelHit 1365, 948, 115.433, 0
PixelHit 1365, 952, 91.7601, 0
PixelHit 1366, 949, 109.473, 0
PixelHit 1369, 948, 120.375, 0
PixelHit 1369, 949, 160.575, 0
PixelHit 1369, 950, 219.72, 0
PixelHit 1371, 950, 62.4032, 0
PixelHit 1372, 949, 120.382, 0
PixelHit 1372, 951, 107.339, 0
PixelHit 1373, 948, 125.289, 0
PixelHit 1375, 951, 169.787, 0
PixelHit 1591, 1023, 239.197, 0
PixelHit 1592, 1022, 96.9208, 0
PixelHit 1592, 1023, 1795.45, 0
PixelHit 1592, 1024, 171.363, 0
PixelHit 1595, 1022, 161.634, 0
PixelHit 1595, 1023, 170.222, 0
PixelHit 1595, 1024, 111.868, 0
PixelHit 1596, 1023, 114.446, 0
PixelHit 1599, 1023, 64.1232, 0
PixelHit 1600, 1023, 58.6504, 0
PixelHit 1601, 1023, 161.344, 0
PixelHit 1601, 1024, 180.783, 0
PixelHit 1602, 1024, 327.204, 0
PixelHit 1604, 1023, 62.7184, 0
PixelHit 1604, 1024, 56.8326, 0
PixelHit 1605, 1023, 112.196, 0
PixelHit 1605, 1024, 167.743, 0
PixelHit 1606, 1024, 120.043, 0
PixelHit 1608, 1023, 223.016, 0
PixelHit 1609, 1023, 172.404, 0
PixelHit 1609, 1024, 74.3395, 0
PixelHit 1610, 1023, 102.302, 0
PixelHit 1611, 1023, 254.125, 0
PixelHit 1611, 1024, 70.2782, 0
PixelHit 1611, 1025, 64.279, 0
PixelHit 1612, 1023, 177.912, 0
PixelHit 1612, 1024, 114.403, 0
PixelHit 1613, 1024, 44.3415, 0
PixelHit 1614, 1024, 138.392, 0
PixelHit 1616, 1023, 71.4167, 0
PixelHit 1617, 1023, 121.752, 0
PixelHit 1618, 1021, 148.057, 0
PixelHit 1619, 1022, 212.452, 0
PixelHit 1620, 1023, 187.559, 0
PixelHit 1622, 1020, 198.477, 0
PixelHit 1622, 1026, 55.3244, 0
PixelHit 1623, 1022, 79.9703, 0
PixelHit 1623, 1023, 105.282, 0
PixelHit 1624, 1022, 104.999, 0
PixelHit 1624, 1023, 126.307, 0
PixelHit 1625, 1024, 65.6245, 0
PixelHit 1625, 1025, 106.457, 0
PixelHit 1626, 1021, 87.154, 0
PixelHit 1626, 1024, 142.8, 0
PixelHit 1627, 1023, 235.304, 0
PixelHit 1629, 1022, 261.925, 0
PixelHit 1629, 1024, 218.782, 0
PixelHit 1630, 1021, 109.342, 0
PixelHit 1630, 1024, 177.503, 0
PixelHit 1630, 1025, 129.588, 0
PixelHit 1631, 1025, 207.95, 0
PixelHit 1633, 1024, 122.368, 0
PixelHit 1635, 1025, 50.1736, 0
PixelHit 1637, 1021, 126.125, 0
PixelHit 1639, 1022, 103.274, 0
=== 28 ===
=== 29 ===
=== 30 ===
--- mydetector ---
PixelHit 1141, 909, 61.3902, 0
PixelHit 1144, 909, 326.952, 0
PixelHit 1146, 909, 104.359, 0
PixelHit 1146, 910, 136.041, 0
PixelHit 1147, 908, 144.032, 0
PixelHit 1147, 909, 248.705, 0
PixelHit 1147, 910, 63.4656, 0
PixelHit 1148, 908, 222.283, 0
PixelHit 1148, 909, 386.467, 0
PixelHit 1148, 910, 104.719, 0
PixelHit 1151, 909, 80.0613, 0
PixelHit 1151, 910, 105.376, 0
PixelHit 1153, 910, 241.72, 0
PixelHit 1154, 909, 193.223, 0
PixelHit 1155, 909, 152.877, 0
PixelHit 1157, 909, 155.171, 0
PixelHit 1158, 909, 63.8796, 0
PixelHit 1158, 911, 188.471, 0
PixelHit 1159, 908, 68.4694, 0
PixelHit 1161, 907, 59.7567, 0
PixelHit 1161, 909, 131.287, 0
PixelHit 1162, 910, 111.291, 0
PixelHit 1164, 908, 85.4841, 0
PixelHit 1165, 910, 221.188, 0
PixelHit 1168, 911, 109.104, 0
PixelHit 1171, 907, 227.672, 0
PixelHit 1171, 911, 143.454, 0
PixelHit 1172, 908, 92.435, 0
PixelHit 1173, 909, 95.3541, 0
PixelHit 1173, 910, 173.376, 0
PixelHit 1174, 911, 182.747, 0
PixelHit 1178, 910, 58.1332, 0
PixelHit 1179, 910, 61.5966, 0
PixelHit 1179, 911, 49.7392, 0
PixelHit 1179, 912, 186.427, 0
PixelHit 1181, 908, 82.0548, 0
PixelHit 1183, 908, 250.741, 0
PixelHit 1184, 911, 364.592, 0
PixelHit 1187, 909, 212.906, 0
PixelHit 1188, 908, 46.278, 0
PixelHit 1188, 909, 133.15, 0
PixelHit 1188, 910, 132.724, 0
PixelHit 1190, 907, 282.752, 0
PixelHit 1190, 912, 66.2658, 0
PixelHit 1192, 908, 221.204, 0
PixelHit 1192, 911, 75.7587, 0
PixelHit 1479, 859, 142.365, 0
PixelHit 1479, 860, 71.6314, 0
PixelHit 1481, 859, 86.5001, 0
PixelHit 1481, 860, 193.606, 0
PixelHit 1482, 859, 204.632, 0
PixelHit 1483, 859, 73.7454, 0
PixelHit 1486, 858, 146.14, 0
PixelHit 1487, 859, 171.633, 0
PixelHit 1487, 860, 177.333, 0
PixelHit 1488, 859, 262.268, 0
PixelHit 1488, 860, 286.232, 0
PixelHit 1489, 859, 173.255, 0
PixelHit 1489, 860, 69.3146, 0
PixelHit 1491, 857, 59.8534, 0
PixelHit 1493, 858, 146.829, 0
PixelHit 1493, 859, 172.228, 0
PixelHit 1493, 860, 101.626, 0
PixelHit 1494, 859, 64.0983, 0
PixelHit 1495, 858, 190.081, 0
PixelHit 1495, 860, 132.087, 0
PixelHit 1495, 861, 183.294, 0
PixelHit 1496, 859, 86.0583, 0
PixelHit 1497, 859, 113.298, 0
PixelHit 1499, 858, 122.899, 0
PixelHit 1499, 861, 108.041, 0
PixelHit 1500, 860, 106.473, 0
PixelHit 1501, 861, 72.003, 0
PixelHit 1503, 859, 70.2337, 0
PixelHit 1503, 860, 99.2224, 0
PixelHit 1503, 862, 211.984, 0
PixelHit 1505, 860, 135.953, 0
PixelHit 1506, 861, 223.885, 0
PixelHit 1507, 860, 50.9569, 0
PixelHit 1508, 856, 86.0947, 0
PixelHit 1508, 860, 195.532, 0
PixelHit 1508, 861, 77.3228, 0
PixelHit 1509, 857, 46.3104, 0
PixelHit 1509, 860, 135.679, 0
PixelHit 1510, 861, 187.916, 0
PixelHit 1511, 858, 143.639, 0
PixelHit 1511, 859, 108.246, 0
PixelHit 1512, 860, 88.3454, 0
PixelHit 1513, 859, 181.357, 0
PixelHit 1513, 860, 163.73, 0
PixelHit 1513, 862, 162.135, 0
PixelHit 1514, 861, 93.3905, 0
PixelHit 1518, 860, 77.2653, 0
PixelHit 1520, 861, 79.44, 0
PixelHit 1520, 862, 72.9963, 0
PixelHit 1521, 859, 108.905, 0
PixelHit 1522, 861, 159.344, 0
PixelHit 1525, 863, 149.235, 0
PixelHit 1526, 858, 104.307, 0
=== 31 ===
=== 32 ===
=== 33 ===
=== 34 ===
=== 35 ===
=== 36 ===
=== 37 ===
=== 38 ===
=== 39 ===
=== 40 ===
=== 41 ===
=== 42 ===
=== 43 ===
=== 44 ===
=== 45 ===
=== 46 ===
=== 47 ===
=== 48 ===
=== 49 ===
=== 50 ===
=== 51 ===
=== 52 ===
=== 53 ===
=== 54 ===
=== 55 ===
=== 56 ===
=== 57 ===
=== 58 ===
=== 59 ===
=== 60 ===
=== 61 ===
=== 62 ===
=== 63 ===
=== 64 ===
=== 65 ===
=== 66 ===
=== 67 ===
=== 68 ===
=== 69 ===
=== 70 ===
=== 71 ===
=== 72 ===
=== 73 ===
=== 74 ===
=== 75 ===
=== 76 ===
=== 77 ===
=== 78 ===
=== 79 ===
=== 80 ===
=== 81 ===
=== 82 ===
=== 83 ===
=== 84 ===
=== 85 ===
=== 86 ===
=== 87 ===
=== 88 ===
=== 89 ===
=== 90 ===
=== 91 ===
=== 92 ===
=== 93 ===
=== 94 ===
=== 95 ===
=== 96 ===
=== 97 ===
--- mydetector ---
PixelHit 1075, 1014, 56.853, 0
PixelHit 1076, 1014, 160.074, 0
PixelHit 1076, 1015, 201.37, 0
PixelHit 1077, 1014, 62.2252, 0
PixelHit 1077, 1015, 49.1487, 0
PixelHit 1078, 1014, 101.111, 0
PixelHit 1079, 1014, 212.558, 0
PixelHit 1079, 1015, 119.453, 0
PixelHit 1080, 1014, 79.1353, 0
PixelHit 1085, 1015, 66.3437, 0
PixelHit 1085, 1016, 217.863, 0
PixelHit 1086, 1013, 162.512, 0
PixelHit 1086, 1014, 221.36, 0
PixelHit 1086, 1015, 69.2009, 0
PixelHit 1087, 1013, 173.764, 0
PixelHit 1088, 1014, 180.642, 0
PixelHit 1090, 1016, 117.722, 0
PixelHit 1092, 1013, 103.043, 0
PixelHit 1093, 1015, 95.6949, 0
PixelHit 1095, 1014, 224.617, 0
PixelHit 1096, 1014, 109.68, 0
PixelHit 1097, 1013, 63.773, 0
PixelHit 1098, 1014, 109.902, 0
PixelHit 1099, 1014, 75.0419, 0
PixelHit 1100, 1014, 57.7173, 0
PixelHit 1101, 1014, 42.4847, 0
PixelHit 1102, 1013, 106.512, 0
PixelHit 1103, 1012, 69.4786, 0
PixelHit 1104, 1012, 62.5463, 0
PixelHit 1104, 1013, 159.848, 0
PixelHit 1105, 1013, 222.277, 0
PixelHit 1105, 1015, 164.756, 0
PixelHit 1106, 1012, 92.3432, 0
PixelHit 1106, 1015, 53.4502, 0
PixelHit 1106, 1016, 218.945, 0
PixelHit 1107, 1014, 66.5544, 0
PixelHit 1107, 1015, 264.041, 0
PixelHit 1108, 1013, 78.5072, 0
PixelHit 1109, 1013, 131.247, 0
PixelHit 1109, 1014, 65.8905, 0
PixelHit 1110, 1012, 274.636, 0
PixelHit 1110, 1014, 76.0386, 0
PixelHit 1110, 1015, 139.017, 0
PixelHit 1110, 1017, 216.662, 0
PixelHit 1111, 1011, 85.7499, 0
PixelHit 1111, 1013, 131.769, 0
PixelHit 1111, 1014, 161.982, 0
PixelHit 1111, 1015, 130.089, 0
PixelHit 1111, 1017, 103.815, 0
PixelHit 1112, 1014, 477.787, 0
PixelHit 1112, 1015, 114.475, 0
PixelHit 1113, 1012, 120.205, 0
PixelHit 1113, 1013, 171.184, 0
PixelHit 1113, 1015, 246.733, 0
PixelHit 1113, 1016, 234.566, 0
PixelHit 1114, 1013, 125.333, 0
PixelHit 1115, 1015, 64.4172, 0
PixelHit 1116, 1012, 56.6671, 0
PixelHit 1116, 1014, 202.445, 0
PixelHit 1120, 1013, 122.124, 0
PixelHit 1122, 1012, 144.281, 0
PixelHit 1122, 1014, 198.977, 0
PixelHit 1123, 1012, 186.591, 0
PixelHit 1124, 1013, 160.387, 0
PixelHit 1124, 1016, 194.674, 0
PixelHit 1125, 1010, 102.904, 0
PixelHit 1126, 1010, 105.72, 0
PixelHit 1239, 1002, 146.199, 0
PixelHit 1240, 1002, 403.041, 0
PixelHit 1240, 1003, 505.342, 0
PixelHit 1241, 1002, 125.195, 0
PixelHit 1241, 1003, 205.41, 0
PixelHit 1242, 1002, 100.392, 0
PixelHit 1242, 1003, 209.648, 0
PixelHit 1243, 1003, 101.514, 0
PixelHit 1245, 1002, 213.871, 0
PixelHit 1245, 1003, 92.527, 0
PixelHit 1247, 1002, 310.462, 0
PixelHit 1248, 1003, 143.62, 0
PixelHit 1250, 1002, 89.6768, 0
PixelHit 1251, 1002, 76.8915, 0
PixelHit 1253, 1001, 195.885, 0
PixelHit 1253, 1002, 53.9278, 0
PixelHit 1254, 1001, 71.0039, 0
PixelHit 1254, 1002, 177.648, 0
PixelHit 1256, 1001, 118.298, 0
PixelHit 1256, 1002, 214.989, 0
PixelHit 1256, 1003, 79.3102, 0
PixelHit 1258, 1004, 145.841, 0
PixelHit 1260, 1001, 197.92, 0
PixelHit 1262, 1001, 167.754, 0
PixelHit 1262, 1003, 84.2252, 0
PixelHit 1263, 1001, 248.779, 0
PixelHit 1263, 1002, 88.9432, 0
PixelHit 1263, 1003, 300.505, 0
PixelHit 1263, 1005, 172.587, 0
PixelHit 1264, 1000, 85.1319, 0
PixelHit 1264, 1001, 80.8806, 0
PixelHit 1264, 1002, 174.624, 0
PixelHit 1264, 1003, 168.951, 0
PixelHit 1264, 1004, 275.69, 0
PixelHit 1265, 1001, 170.547, 0
PixelHit 1265, 1002, 132.228, 0
PixelHit 1265, 1003, 237.71, 0
PixelHit 1265, 1005, 78.4438, 0
PixelHit 1266, 1002, 106.52, 0
PixelHit 1266, 1004, 102.257, 0
PixelHit 1269, 1001, 96.8712, 0
PixelHit 1270, 1002, 149.709, 0
PixelHit 1270, 1003, 142.608, 0
PixelHit 1271, 1006, 68.2695, 0
PixelHit 1272, 1001, 83.2838, 0
PixelHit 1272, 1003, 110.425, 0
PixelHit 1274, 1001, 76.8282, 0
PixelHit 1274, 1003, 236.402, 0
PixelHit 1277, 1000, 85.8053, 0
PixelHit 1277, 1003, 170.233, 0
PixelHit 1278, 1000, 139.434, 0
PixelHit 1278, 1002, 111.628, 0
PixelHit 1279, 1000, 239.283, 0
PixelHit 1279, 1001, 79.7517, 0
PixelHit 1279, 1003, 128.636, 0
PixelHit 1280, 998, 101.537, 0
PixelHit 1280, 999, 192.222, 0
PixelHit 1280, 1004, 81.8349, 0
PixelHit 1282, 1005, 224.843, 0
PixelHit 1283, 1003, 247.68, 0
PixelHit 1284, 1000, 69.001, 0
PixelHit 1284, 1002, 71.4037, 0
=== 98 ===
=== 99 ===
=== 100 ===
# 455 objects from 4 messages
