# Allpix Squared ASCII data - https://cern.ch/allpix-squared

=== 1 ===
=== 2 ===
=== 3 ===
=== 4 ===
=== 5 ===
=== 6 ===
=== 7 ===
=== 8 ===
=== 9 ===
=== 10 ===
=== 11 ===
=== 12 ===
=== 13 ===
=== 14 ===
=== 15 ===
=== 16 ===
=== 17 ===
=== 18 ===
=== 19 ===
=== 20 ===
=== 21 ===
=== 22 ===
=== 23 ===
=== 24 ===
=== 25 ===
=== 26 ===
--- mydetector ---
PixelHit 1313, 950, 210.316, 0
PixelHit 1315, 949, 106.485, 0
PixelHit 1317, 949, 309.176, 0
PixelHit 1318, 950, 152.402, 0
PixelHit 1319, 950, 195.556, 0
PixelHit 1320, 949, 117.112, 0
PixelHit 1320, 950, 131.949, 0
PixelHit 1320, 951, 102.542, 0
PixelHit 1321, 950, 145.522, 0
PixelHit 1321, 951, 70.553, 0
PixelHit 1321, 952, 161.545, 0
PixelHit 1322, 949, 129.852, 0
PixelHit 1322, 950, 582.767, 0
PixelHit 1322, 951, 593.264, 0
PixelHit 1322, 952, 481.039, 0
PixelHit 1323, 950, 532.961, 0
PixelHit 1323, 951, 1141.58, 0
PixelHit 1323, 952, 67.443, 0
PixelHit 1323, 953, 57.5763, 0
PixelHit 1324, 949, 53.5213, 0
PixelHit 1324, 950, 101.246, 0
PixelHit 1324, 951, 257.511, 0
PixelHit 1325, 951, 183.33, 0
PixelHit 1326, 950, 154.356, 0
PixelHit 1326, 952, 81.2889, 0
PixelHit 1327, 950, 130.317, 0
PixelHit 1327, 951, 237.091, 0
PixelHit 1327, 952, 191.713, 0
PixelHit 1330, 950, 55.6834, 0
PixelHit 1331, 949, 147.279, 0
PixelHit 1331, 950, 63.7007, 0
PixelHit 1333, 950, 116.023, 0
PixelHit 1334, 952, 182.069, 0
PixelHit 1335, 950, 102.302, 0
PixelHit 1335, 951, 159.201, 0
PixelHit 1336, 951, 96.5292, 0
PixelHit 1337, 947, 140.688, 0
PixelHit 1338, 949, 98.7075, 0
PixelHit 1338, 950, 336.526, 0
PixelHit 1340, 954, 232.488, 0
PixelHit 1341, 948, 185.365, 0
PixelHit 1342, 946, 101.12, 0
PixelHit 1343, 949, 145.214, 0
PixelHit 1501, 926, 92.998, 0
PixelHit 1504, 927, 55.9249, 0
PixelHit 1505, 927, 165.544, 0
PixelHit 1506, 927, 125.418, 0
PixelHit 1507, 927, 185.321, 0
PixelHit 1508, 926, 180.857, 0
PixelHit 1508, 927, 89.6175, 0
PixelHit 1509, 927, 95.2087, 0
PixelHit 1510, 926, 103.096, 0
PixelHit 1511, 928, 200.422, 0
PixelHit 1512, 928, 127.553, 0
PixelHit 1513, 927, 65.9271, 0
PixelHit 1513, 928, 97.4306, 0
PixelHit 1514, 925, 76.5135, 0
PixelHit 1516, 928, 62.9553, 0
PixelHit 1517, 926, 48.9667, 0
PixelHit 1517, 927, 87.444, 0
PixelHit 1517, 928, 147.285, 0
PixelHit 1518, 925, 57.2424, 0
PixelHit 1518, 926, 64.1862, 0
PixelHit 1518, 928, 231.087, 0
PixelHit 1518, 929, 68.3296, 0
PixelHit 1519, 929, 240.817, 0
PixelHit 1520, 927, 177.735, 0
PixelHit 1521, 926, 112.218, 0
PixelHit 1521, 927, 104.092, 0
PixelHit 1522, 924, 121.667, 0
PixelHit 1522, 927, 69.0067, 0
PixelHit 1522, 928, 55.8933, 0
PixelHit 1523, 927, 252.9, 0
PixelHit 1524, 924, 158.063, 0
PixelHit 1524, 928, 291.445, 0
PixelHit 1525, 925, 356.711, 0
PixelHit 1525, 930, 133.72, 0
PixelHit 1526, 925, 55.217, 0
PixelHit 1526, 926, 153.474, 0
PixelHit 1527, 926, 114.775, 0
PixelHit 1528, 925, 47.3011, 0
PixelHit 1529, 924, 136.45, 0
PixelHit 1529, 930, 76.3795, 0
=== 27 ===
=== 28 ===
=== 29 ===
=== 30 ===
=== 31 ===
=== 32 ===
=== 33 ===
=== 34 ===
=== 35 ===
=== 36 ===
=== 37 ===
=== 38 ===
=== 39 ===
=== 40 ===
=== 41 ===
=== 42 ===
=== 43 ===
=== 44 ===
=== 45 ===
=== 46 ===
=== 47 ===
=== 48 ===
=== 49 ===
=== 50 ===
=== 51 ===
=== 52 ===
=== 53 ===
=== 54 ===
=== 55 ===
--- mydetector ---
PixelHit 1179, 914, 147.434, 0
PixelHit 1180, 914, 141.963, 0
PixelHit 1180, 915, 238.191, 0
PixelHit 1183, 913, 215.602, 0
PixelHit 1185, 914, 64.4106, 0
PixelHit 1186, 913, 263.245, 0
PixelHit 1187, 914, 216.975, 0
PixelHit 1188, 914, 210.443, 0
PixelHit 1189, 913, 52.4488, 0
PixelHit 1190, 912, 211.481, 0
PixelHit 1190, 913, 75.4426, 0
PixelHit 1190, 914, 81.7233, 0
PixelHit 1191, 914, 209.113, 0
PixelHit 1192, 915, 76.7257, 0
PixelHit 1193, 913, 203.691, 0
PixelHit 1193, 914, 458.434, 0
PixelHit 1193, 915, 214.8, 0
PixelHit 1193, 916, 192.319, 0
PixelHit 1194, 914, 174.882, 0
PixelHit 1194, 915, 62.7864, 0
PixelHit 1195, 912, 138.312, 0
PixelHit 1195, 913, 163.293, 0
PixelHit 1195, 916, 74.8749, 0
PixelHit 1196, 917, 230.262, 0
PixelHit 1197, 914, 115.52, 0
PixelHit 1197, 915, 136.245, 0
PixelHit 1198, 914, 89.4617, 0
PixelHit 1199, 912, 71.2061, 0
PixelHit 1199, 913, 159.801, 0
PixelHit 1199, 914, 101.241, 0
PixelHit 1199, 917, 103.444, 0
PixelHit 1201, 916, 102.554, 0
PixelHit 1203, 915, 72.0616, 0
PixelHit 1205, 914, 119.761, 0
PixelHit 1206, 915, 242.301, 0
PixelHit 1208, 916, 120.375, 0
PixelHit 1209, 911, 229.421, 0
PixelHit 1408, 712, 147.521, 0
PixelHit 1409, 712, 253.604, 0
PixelHit 1411, 711, 88.6735, 0
PixelHit 1411, 712, 85.96, 0
PixelHit 1414, 711, 137.738, 0
PixelHit 1415, 711, 126.929, 0
PixelHit 1416, 710, 71.5449, 0
PixelHit 1416, 711, 100.521, 0
PixelHit 1416, 712, 113.919, 0
PixelHit 1416, 713, 275.664, 0
PixelHit 1417, 711, 70.115, 0
PixelHit 1418, 711, 110.115, 0
PixelHit 1418, 713, 147.156, 0
PixelHit 1419, 712, 192.246, 0
PixelHit 1420, 713, 238.726, 0
PixelHit 1421, 714, 84.9705, 0
PixelHit 1422, 711, 168.443, 0
PixelHit 1422, 712, 148.925, 0
PixelHit 1422, 713, 127.134, 0
PixelHit 1424, 711, 152.271, 0
PixelHit 1424, 713, 155.042, 0
PixelHit 1427, 714, 100.297, 0
PixelHit 1428, 711, 90.5515, 0
PixelHit 1428, 713, 187.437, 0
PixelHit 1431, 711, 98.3639, 0
PixelHit 1432, 714, 217.964, 0
PixelHit 1433, 712, 131.258, 0
PixelHit 1433, 713, 137.222, 0
PixelHit 1435, 713, 169.123, 0
=== 56 ===
=== 57 ===
=== 58 ===
=== 59 ===
--- mydetector ---
PixelHit 1187, 956, 228.413, 0
PixelHit 1188, 956, 255.399, 0
PixelHit 1188, 957, 189.473, 0
PixelHit 1189, 956, 246.722, 0
PixelHit 1189, 957, 254.477, 0
PixelHit 1189, 958, 72.6497, 0
PixelHit 1190, 958, 115.969, 0
PixelHit 1191, 957, 104.59, 0
PixelHit 1193, 957, 109.244, 0
PixelHit 1193, 958, 331.478, 0
PixelHit 1194, 957, 257.607, 0
PixelHit 1195, 957, 92.1121, 0
PixelHit 1196, 956, 217.751, 0
PixelHit 1196, 958, 155.378, 0
PixelHit 1197, 958, 249.487, 0
PixelHit 1198, 956, 182.536, 0
PixelHit 1198, 957, 160.188, 0
PixelHit 1198, 958, 229.883, 0
PixelHit 1199, 957, 106.323, 0
PixelHit 1199, 958, 48.5039, 0
PixelHit 1199, 959, 142.943, 0
PixelHit 1200, 956, 153.941, 0
PixelHit 1200, 957, 53.3468, 0
PixelHit 1201, 957, 163.659, 0
PixelHit 1201, 958, 138.125, 0
PixelHit 1202, 957, 115.153, 0
PixelHit 1203, 958, 119.244, 0
PixelHit 1207, 958, 283.607, 0
PixelHit 1207, 959, 51.3099, 0
PixelHit 1209, 958, 120.79, 0
PixelHit 1209, 959, 155.421, 0
PixelHit 1209, 960, 53.6877, 0
PixelHit 1210, 956, 170.522, 0
PixelHit 1210, 957, 203.776, 0
PixelHit 1212, 960, 227.152, 0
PixelHit 1213, 957, 198.964, 0
PixelHit 1214, 953, 105.128, 0
PixelHit 1214, 960, 85.1392, 0
PixelHit 1215, 954, 121.593, 0
PixelHit 1215, 956, 149.024, 0
PixelHit 1215, 957, 168.2, 0
PixelHit 1216, 957, 152.403, 0
PixelHit 1216, 959, 168.858, 0
PixelHit 1216, 960, 138.531, 0
PixelHit 1272, 833, 49.3008, 0
PixelHit 1273, 833, 157.921, 0
PixelHit 1275, 833, 62.0193, 0
PixelHit 1277, 833, 180.1, 0
PixelHit 1278, 833, 257.317, 0
PixelHit 1280, 834, 82.4687, 0
PixelHit 1281, 834, 207.972, 0
PixelHit 1282, 832, 126.198, 0
PixelHit 1282, 833, 92.3535, 0
PixelHit 1285, 835, 190.507, 0
PixelHit 1286, 833, 241.715, 0
PixelHit 1287, 833, 83.4326, 0
PixelHit 1287, 834, 218.006, 0
PixelHit 1290, 834, 80.8027, 0
PixelHit 1290, 835, 245.596, 0
PixelHit 1291, 833, 46.5207, 0
PixelHit 1291, 834, 156.336, 0
PixelHit 1291, 835, 172.907, 0
PixelHit 1291, 837, 242.711, 0
PixelHit 1292, 833, 104.338, 0
PixelHit 1292, 834, 67.1027, 0
PixelHit 1292, 835, 88.6861, 0
PixelHit 1293, 833, 117.694, 0
PixelHit 1293, 834, 171.763, 0
PixelHit 1293, 837, 232.254, 0
PixelHit 1294, 833, 77.0576, 0
PixelHit 1294, 834, 160.737, 0
PixelHit 1295, 830, 117.919, 0
PixelHit 1295, 833, 206.674, 0
PixelHit 1295, 835, 48.7196, 0
PixelHit 1296, 831, 169.54, 0
PixelHit 1297, 833, 199.439, 0
PixelHit 1298, 833, 185.152, 0
PixelHit 1298, 835, 147.671, 0
PixelHit 1298, 836, 70.5589, 0
PixelHit 1299, 830, 165.156, 0
PixelHit 1299, 831, 108.294, 0
PixelHit 1299, 833, 179.519, 0
PixelHit 1299, 834, 205.204, 0
PixelHit 1299, 835, 158.463, 0
PixelHit 1300, 833, 228.433, 0
PixelHit 1300, 834, 224.636, 0
PixelHit 1301, 835, 322.912, 0
PixelHit 1301, 836, 76.8325, 0
PixelHit 1302, 835, 185.272, 0
=== 60 ===
=== 61 ===
=== 62 ===
=== 63 ===
=== 64 ===
=== 65 ===
=== 66 ===
=== 67 ===
=== 68 ===
=== 69 ===
=== 70 ===
=== 71 ===
=== 72 ===
=== 73 ===
=== 74 ===
=== 75 ===
=== 76 ===
=== 77 ===
=== 78 ===
=== 79 ===
=== 80 ===
=== 81 ===
=== 82 ===
=== 83 ===
=== 84 ===
=== 85 ===
=== 86 ===
=== 87 ===
=== 88 ===
=== 89 ===
=== 90 ===
=== 91 ===
=== 92 ===
--- mydetector ---
PixelHit 1095, 896, 94.4218, 0
PixelHit 1095, 897, 284.601, 0
PixelHit 1096, 897, 158.816, 0
PixelHit 1097, 896, 134.541, 0
PixelHit 1098, 897, 178.083, 0
PixelHit 1099, 897, 254.596, 0
PixelHit 1100, 897, 137.18, 0
PixelHit 1101, 896, 250.562, 0
PixelHit 1103, 896, 208.295, 0
PixelHit 1104, 898, 151.271, 0
PixelHit 1105, 898, 224.065, 0
PixelHit 1106, 896, 179.482, 0
PixelHit 1106, 898, 77.3735, 0
PixelHit 1108, 897, 181.912, 0
PixelHit 1109, 896, 146.936, 0
PixelHit 1110, 895, 116.34, 0
PixelHit 1110, 896, 281.552, 0
PixelHit 1110, 897, 146.96, 0
PixelHit 1111, 900, 125.932, 0
PixelHit 1112, 897, 119.752, 0
PixelHit 1113, 897, 207.071, 0
PixelHit 1113, 899, 49.3228, 0
PixelHit 1116, 897, 287.466, 0
PixelHit 1117, 898, 68.9168, 0
PixelHit 1118, 898, 54.6907, 0
PixelHit 1120, 899, 78.8044, 0
PixelHit 1120, 900, 171.489, 0
PixelHit 1121, 895, 300.521, 0
PixelHit 1121, 897, 122.863, 0
PixelHit 1122, 895, 76.4603, 0
PixelHit 1123, 898, 173.264, 0
PixelHit 1123, 899, 61.4404, 0
PixelHit 1125, 896, 232.035, 0
PixelHit 1125, 897, 269.418, 0
PixelHit 1126, 895, 254.504, 0
PixelHit 1126, 896, 154.959, 0
PixelHit 1216, 969, 72.8988, 0
PixelHit 1218, 968, 196.324, 0
PixelHit 1218, 969, 128.994, 0
PixelHit 1219, 968, 176.209, 0
PixelHit 1219, 969, 61.0432, 0
PixelHit 1220, 968, 105.011, 0
PixelHit 1220, 969, 185.273, 0
PixelHit 1221, 968, 134.376, 0
PixelHit 1221, 969, 196.566, 0
PixelHit 1223, 968, 75.0704, 0
PixelHit 1225, 970, 165.797, 0
PixelHit 1226, 967, 110.619, 0
PixelHit 1227, 967, 69.4449, 0
PixelHit 1227, 968, 159.375, 0
PixelHit 1228, 968, 212.573, 0
PixelHit 1229, 968, 143.256, 0
PixelHit 1231, 970, 86.2873, 0
PixelHit 1233, 968, 124.034, 0
PixelHit 1233, 970, 87.7878, 0
PixelHit 1236, 967, 85.1699, 0
PixelHit 1236, 968, 105.983, 0
PixelHit 1237, 967, 56.1442, 0
PixelHit 1238, 967, 177.798, 0
PixelHit 1239, 973, 141.89, 0
PixelHit 1240, 968, 68.4839, 0
PixelHit 1240, 971, 204.235, 0
PixelHit 1241, 965, 178.158, 0
PixelHit 1241, 968, 247.331, 0
PixelHit 1241, 970, 145.91, 0
PixelHit 1243, 965, 74.053, 0
PixelHit 1243, 972, 298.884, 0
PixelHit 1245, 969, 108.279, 0
PixelHit 1245, 970, 214.527, 0
=== 93 ===
=== 94 ===
=== 95 ===
=== 96 ===
=== 97 ===
=== 98 ===
=== 99 ===
=== 100 ===
# 307 objects from 4 messages
