# Allpix Squared ASCII data - https://cern.ch/allpix-squared

=== 1 ===
=== 2 ===
=== 3 ===
=== 4 ===
=== 5 ===
=== 6 ===
=== 7 ===
=== 8 ===
--- mydetector ---
PixelHit 2049, 735, 64.5429, 0
PixelHit 2051, 735, 220.613, 0
PixelHit 2052, 735, 141.759, 0
PixelHit 2052, 737, 137.436, 0
PixelHit 2053, 733, 71.7005, 0
PixelHit 2053, 734, 163.923, 0
PixelHit 2053, 735, 162.741, 0
PixelHit 2054, 732, 180.488, 0
PixelHit 2054, 733, 141.997, 0
PixelHit 2054, 735, 153.434, 0
PixelHit 2054, 737, 200.743, 0
PixelHit 2055, 734, 125.235, 0
PixelHit 2055, 735, 61.8773, 0
PixelHit 2055, 736, 271.112, 0
PixelHit 2055, 737, 220.025, 0
PixelHit 2056, 734, 63.6063, 0
PixelHit 2056, 736, 218.331, 0
PixelHit 2056, 737, 58.733, 0
PixelHit 2056, 738, 114.342, 0
PixelHit 2057, 734, 147.871, 0
PixelHit 2057, 735, 51.5655, 0
PixelHit 2058, 738, 138.543, 0
PixelHit 2060, 735, 294.563, 0
PixelHit 2061, 732, 122.964, 0
PixelHit 2061, 736, 91.7325, 0
PixelHit 2063, 732, 65.682, 0
PixelHit 2063, 735, 69.8418, 0
PixelHit 2063, 736, 81.6653, 0
PixelHit 2065, 734, 68.6808, 0
PixelHit 2069, 733, 111.33, 0
PixelHit 2069, 734, 153.613, 0
PixelHit 2069, 735, 68.0818, 0
PixelHit 2071, 732, 90.3735, 0
PixelHit 2072, 733, 134.717, 0
PixelHit 2072, 735, 173.786, 0
PixelHit 2073, 735, 86.1848, 0
PixelHit 2074, 733, 89.5204, 0
PixelHit 2074, 734, 218.941, 0
PixelHit 2074, 735, 267.511, 0
PixelHit 2075, 733, 181.381, 0
PixelHit 2075, 735, 83.9904, 0
PixelHit 2076, 733, 164.939, 0
PixelHit 2076, 734, 157.19, 0
PixelHit 2077, 731, 67.2076, 0
PixelHit 2077, 734, 110.367, 0
PixelHit 2078, 733, 118.314, 0
PixelHit 2078, 734, 109.736, 0
PixelHit 2082, 733, 183.949, 0
PixelHit 2084, 731, 115.336, 0
PixelHit 2084, 734, 76.2784, 0
PixelHit 2086, 733, 119.956, 0
PixelHit 2088, 732, 122.476, 0
PixelHit 2089, 732, 108.852, 0
PixelHit 2091, 731, 91.8413, 0
PixelHit 2091, 732, 71.4002, 0
PixelHit 2092, 731, 521.347, 0
PixelHit 2092, 732, 1034.46, 0
PixelHit 2093, 731, 542.655, 0
PixelHit 2093, 732, 1600.46, 0
PixelHit 2093, 733, 115.197, 0
PixelHit 2094, 731, 766.822, 0
PixelHit 2094, 732, 633.427, 0
PixelHit 2094, 733, 224.349, 0
PixelHit 2095, 731, 104.311, 0
PixelHit 2095, 732, 381.417, 0
PixelHit 2095, 733, 98.0529, 0
PixelHit 2096, 732, 126.342, 0
PixelHit 2096, 733, 438.225, 0
PixelHit 2097, 732, 144.862, 0
PixelHit 2098, 731, 50.2445, 0
PixelHit 2098, 732, 123.859, 0
PixelHit 2100, 731, 162.785, 0
=== 9 ===
=== 10 ===
--- mydetector ---
PixelHit 2579, 1229, 56.6817, 0
PixelHit 2579, 1230, 203.808, 0
PixelHit 2580, 1227, 138.55, 0
PixelHit 2580, 1228, 104.799, 0
PixelHit 2580, 1229, 80.3641, 0
PixelHit 2580, 1234, 70.9403, 0
PixelHit 2581, 1227, 50.9459, 0
PixelHit 2581, 1228, 91.4483, 0
PixelHit 2581, 1229, 217.545, 0
PixelHit 2582, 1226, 46.6525, 0
PixelHit 2582, 1227, 227.287, 0
PixelHit 2582, 1228, 223.233, 0
PixelHit 2582, 1229, 268.77, 0
PixelHit 2583, 1224, 140.484, 0
PixelHit 2583, 1225, 88.0005, 0
PixelHit 2583, 1226, 150.885, 0
PixelHit 2583, 1227, 178.969, 0
PixelHit 2583, 1229, 62.5655, 0
PixelHit 2583, 1230, 119.218, 0
PixelHit 2584, 1227, 153.18, 0
PixelHit 2585, 1221, 427.374, 0
PixelHit 2585, 1223, 107.651, 0
PixelHit 2586, 1220, 188.728, 0
PixelHit 2586, 1221, 354.93, 0
PixelHit 2586, 1222, 120.406, 0
PixelHit 2586, 1223, 167.637, 0
PixelHit 2586, 1224, 160.293, 0
PixelHit 2587, 1221, 148.35, 0
PixelHit 2587, 1222, 304.488, 0
PixelHit 2588, 1219, 65.2592, 0
PixelHit 2588, 1220, 74.3106, 0
PixelHit 2588, 1221, 135.701, 0
PixelHit 2589, 1217, 139.898, 0
PixelHit 2590, 1218, 58.6187, 0
=== 11 ===
=== 12 ===
=== 13 ===
=== 14 ===
--- mydetector ---
PixelHit 2562, 952, 186.823, 0
PixelHit 2563, 937, 114.089, 0
PixelHit 2563, 945, 199.802, 0
PixelHit 2563, 946, 75.9749, 0
PixelHit 2563, 947, 111.973, 0
PixelHit 2563, 956, 227.431, 0
PixelHit 2563, 957, 107.691, 0
PixelHit 2564, 948, 66.8657, 0
PixelHit 2564, 950, 56.1263, 0
PixelHit 2564, 956, 69.6115, 0
PixelHit 2565, 937, 216.944, 0
PixelHit 2565, 945, 50.8598, 0
PixelHit 2565, 947, 67.6529, 0
PixelHit 2565, 950, 209.913, 0
PixelHit 2565, 952, 116.306, 0
PixelHit 2565, 953, 202.753, 0
PixelHit 2565, 954, 121.709, 0
PixelHit 2565, 955, 85.7886, 0
PixelHit 2566, 940, 80.4295, 0
PixelHit 2566, 943, 96.3603, 0
PixelHit 2566, 951, 142.433, 0
PixelHit 2566, 953, 122.836, 0
PixelHit 2567, 934, 82.8595, 0
PixelHit 2567, 937, 229.521, 0
PixelHit 2567, 938, 74.7361, 0
PixelHit 2567, 947, 215.764, 0
PixelHit 2567, 949, 144.813, 0
PixelHit 2567, 951, 232.309, 0
PixelHit 2567, 952, 67.6351, 0
PixelHit 2568, 934, 91.2505, 0
PixelHit 2568, 937, 77.6327, 0
PixelHit 2568, 943, 167.722, 0
PixelHit 2568, 950, 52.8183, 0
PixelHit 2569, 927, 242.777, 0
PixelHit 2569, 932, 61.8552, 0
PixelHit 2569, 934, 115.9, 0
PixelHit 2569, 936, 200.136, 0
PixelHit 2569, 938, 250.48, 0
PixelHit 2569, 939, 87.8535, 0
PixelHit 2570, 935, 205.594, 0
PixelHit 2570, 936, 225.88, 0
PixelHit 2570, 937, 279.768, 0
PixelHit 2570, 938, 487.602, 0
PixelHit 2570, 939, 215.063, 0
PixelHit 2571, 924, 126.77, 0
PixelHit 2571, 927, 53.103, 0
PixelHit 2571, 936, 286.74, 0
PixelHit 2571, 937, 56.2617, 0
PixelHit 2571, 940, 123.049, 0
PixelHit 2572, 919, 77.3882, 0
PixelHit 2572, 920, 61.4205, 0
PixelHit 2572, 921, 112.644, 0
PixelHit 2572, 925, 60.6297, 0
PixelHit 2572, 926, 123.633, 0
PixelHit 2572, 927, 182.179, 0
PixelHit 2572, 929, 212.395, 0
PixelHit 2572, 930, 291.87, 0
PixelHit 2572, 936, 128.915, 0
PixelHit 2572, 938, 131.817, 0
PixelHit 2573, 919, 71.3603, 0
PixelHit 2573, 922, 166.85, 0
PixelHit 2573, 923, 107.769, 0
PixelHit 2573, 925, 50.356, 0
PixelHit 2573, 937, 218.048, 0
PixelHit 2573, 939, 125.843, 0
PixelHit 2574, 919, 58.1441, 0
PixelHit 2574, 920, 120.52, 0
PixelHit 2575, 914, 72.5199, 0
PixelHit 2575, 918, 108.898, 0
PixelHit 2575, 920, 104.808, 0
PixelHit 2576, 910, 113.573, 0
PixelHit 2576, 911, 154.758, 0
PixelHit 2577, 905, 188.64, 0
PixelHit 2577, 906, 68.1586, 0
PixelHit 2577, 909, 229.101, 0
PixelHit 2578, 904, 122.093, 0
PixelHit 2578, 905, 180.077, 0
PixelHit 2578, 906, 71.632, 0
PixelHit 2578, 907, 51.7259, 0
PixelHit 2579, 899, 64.7413, 0
PixelHit 2579, 900, 342.338, 0
PixelHit 2579, 901, 281.752, 0
PixelHit 2580, 896, 75.488, 0
PixelHit 2581, 896, 210.12, 0
=== 15 ===
=== 16 ===
=== 17 ===
=== 18 ===
=== 19 ===
=== 20 ===
=== 21 ===
=== 22 ===
=== 23 ===
=== 24 ===
=== 25 ===
=== 26 ===
=== 27 ===
=== 28 ===
=== 29 ===
=== 30 ===
=== 31 ===
=== 32 ===
=== 33 ===
--- mydetector ---
PixelHit 2435, 1050, 236.412, 0
PixelHit 2437, 1043, 85.0046, 0
PixelHit 2437, 1046, 135.298, 0
PixelHit 2437, 1048, 106.025, 0
PixelHit 2438, 1046, 97.6095, 0
PixelHit 2438, 1047, 88.7114, 0
PixelHit 2439, 1042, 85.6956, 0
PixelHit 2439, 1044, 203.027, 0
PixelHit 2439, 1046, 159.806, 0
PixelHit 2439, 1047, 123.243, 0
PixelHit 2439, 1050, 243.631, 0
PixelHit 2440, 1045, 55.1018, 0
PixelHit 2440, 1046, 77.935, 0
PixelHit 2440, 1047, 66.2995, 0
PixelHit 2440, 1049, 144.949, 0
PixelHit 2441, 1043, 189.209, 0
PixelHit 2442, 1043, 209.07, 0
PixelHit 2442, 1046, 55.6259, 0
PixelHit 2443, 1046, 161.054, 0
PixelHit 2443, 1048, 257.785, 0
PixelHit 2447, 1045, 167.849, 0
PixelHit 2448, 1049, 336.565, 0
PixelHit 2449, 1045, 131.339, 0
PixelHit 2450, 1050, 147.472, 0
PixelHit 2451, 1046, 269.329, 0
PixelHit 2454, 1048, 203.138, 0
PixelHit 2456, 1047, 153.581, 0
PixelHit 2456, 1048, 114.894, 0
PixelHit 2457, 1045, 141.926, 0
PixelHit 2457, 1048, 68.5468, 0
PixelHit 2458, 1046, 104.195, 0
PixelHit 2458, 1048, 128.915, 0
PixelHit 2460, 1049, 266.309, 0
PixelHit 2461, 1049, 257.605, 0
PixelHit 2464, 1049, 68.6957, 0
PixelHit 2465, 1045, 116.111, 0
PixelHit 2466, 1050, 90.8906, 0
PixelHit 2468, 1048, 170.764, 0
PixelHit 2468, 1049, 65.8668, 0
PixelHit 2470, 1051, 188.479, 0
PixelHit 2471, 1050, 181.861, 0
PixelHit 2471, 1051, 135.806, 0
PixelHit 2471, 1052, 77.4515, 0
PixelHit 2472, 1049, 83.8772, 0
PixelHit 2473, 1049, 101.052, 0
PixelHit 2473, 1051, 256.902, 0
PixelHit 2474, 1049, 206.197, 0
PixelHit 2477, 1050, 64.7598, 0
PixelHit 2477, 1052, 64.0671, 0
PixelHit 2478, 1053, 96.6819, 0
PixelHit 2482, 1050, 144.505, 0
PixelHit 2482, 1052, 71.4939, 0
PixelHit 2484, 1050, 65.0319, 0
PixelHit 2485, 1047, 56.6869, 0
PixelHit 2485, 1050, 280.92, 0
PixelHit 2485, 1051, 91.3931, 0
PixelHit 2487, 1050, 137.341, 0
PixelHit 2487, 1051, 114.365, 0
PixelHit 2487, 1053, 173.021, 0
PixelHit 2487, 1054, 52.0284, 0
PixelHit 2488, 1049, 153.519, 0
PixelHit 2488, 1051, 79.1757, 0
PixelHit 2488, 1052, 93.278, 0
PixelHit 2488, 1054, 158.835, 0
PixelHit 2489, 1051, 60.0077, 0
PixelHit 2489, 1052, 82.453, 0
PixelHit 2489, 1053, 65.1333, 0
PixelHit 2489, 1054, 203.405, 0
PixelHit 2489, 1055, 69.361, 0
PixelHit 2490, 1049, 208.364, 0
PixelHit 2490, 1051, 50.7858, 0
PixelHit 2490, 1052, 161.109, 0
PixelHit 2490, 1053, 112.953, 0
PixelHit 2490, 1054, 361.437, 0
PixelHit 2490, 1055, 80.0956, 0
PixelHit 2491, 1051, 112.014, 0
PixelHit 2491, 1052, 90.6679, 0
PixelHit 2492, 1050, 77.51, 0
PixelHit 2492, 1051, 188.713, 0
PixelHit 2492, 1052, 241.734, 0
PixelHit 2492, 1053, 95.4622, 0
PixelHit 2492, 1054, 156.993, 0
PixelHit 2492, 1055, 141.701, 0
PixelHit 2493, 1049, 163.349, 0
PixelHit 2493, 1052, 236.882, 0
PixelHit 2493, 1053, 66.7965, 0
PixelHit 2493, 1054, 337.475, 0
PixelHit 2493, 1055, 109.56, 0
PixelHit 2493, 1056, 92.762, 0
PixelHit 2494, 1050, 56.343, 0
PixelHit 2494, 1051, 169.03, 0
PixelHit 2494, 1052, 69.6885, 0
PixelHit 2494, 1053, 151.77, 0
PixelHit 2494, 1055, 90.2083, 0
PixelHit 2495, 1050, 66.4084, 0
PixelHit 2495, 1052, 114.42, 0
PixelHit 2495, 1053, 315.744, 0
PixelHit 2495, 1054, 300.687, 0
PixelHit 2495, 1055, 61.4676, 0
PixelHit 2495, 1057, 181.937, 0
PixelHit 2496, 1050, 93.0024, 0
PixelHit 2496, 1054, 83.2463, 0
PixelHit 2497, 1052, 126.534, 0
PixelHit 2497, 1053, 52.7468, 0
PixelHit 2498, 1051, 237.091, 0
PixelHit 2499, 1051, 54.9668, 0
PixelHit 2501, 1052, 259.692, 0
PixelHit 2501, 1054, 182.761, 0
PixelHit 2502, 1055, 269.113, 0
PixelHit 2503, 1055, 127.028, 0
PixelHit 2505, 1051, 147.716, 0
PixelHit 2505, 1053, 64.4317, 0
PixelHit 2507, 1052, 97.0082, 0
PixelHit 2507, 1055, 59.1903, 0
PixelHit 2508, 1053, 105.131, 0
PixelHit 2508, 1055, 128.478, 0
PixelHit 2509, 1055, 92.9797, 0
PixelHit 2510, 1057, 69.1103, 0
PixelHit 2512, 1055, 184.612, 0
PixelHit 2515, 1057, 104.228, 0
PixelHit 2517, 1056, 252.872, 0
PixelHit 2519, 1055, 170.544, 0
PixelHit 2519, 1057, 119.588, 0
PixelHit 2519, 1060, 243.187, 0
PixelHit 2520, 1055, 102.047, 0
PixelHit 2523, 1054, 56.7757, 0
PixelHit 2523, 1056, 96.4922, 0
PixelHit 2524, 1056, 91.6267, 0
PixelHit 2526, 1054, 162.304, 0
PixelHit 2526, 1058, 105.964, 0
PixelHit 2527, 1056, 110.196, 0
PixelHit 2531, 1056, 86.5558, 0
PixelHit 2531, 1059, 114.244, 0
PixelHit 2533, 1057, 73.7266, 0
PixelHit 2534, 1057, 76.8429, 0
PixelHit 2534, 1058, 128.534, 0
PixelHit 2536, 1057, 136.689, 0
PixelHit 2536, 1058, 54.9963, 0
PixelHit 2536, 1059, 148.756, 0
PixelHit 2537, 1056, 172.025, 0
PixelHit 2537, 1059, 83.482, 0
PixelHit 2539, 1057, 58.8359, 0
PixelHit 2540, 1057, 188.742, 0
PixelHit 2541, 1057, 79.6476, 0
PixelHit 2541, 1059, 63.2373, 0
PixelHit 2541, 1061, 142.778, 0
PixelHit 2542, 1059, 144.182, 0
PixelHit 2542, 1060, 210.495, 0
PixelHit 2546, 1060, 58.7669, 0
PixelHit 2548, 1060, 128.892, 0
PixelHit 2549, 1059, 80.7753, 0
PixelHit 2550, 1058, 62.2523, 0
PixelHit 2551, 1058, 49.0482, 0
PixelHit 2551, 1060, 241.702, 0
PixelHit 2552, 1061, 75.2025, 0
PixelHit 2553, 1059, 232.152, 0
PixelHit 2553, 1061, 65.3428, 0
PixelHit 2554, 1059, 102.077, 0
PixelHit 2554, 1062, 185.373, 0
PixelHit 2555, 1061, 147.382, 0
PixelHit 2556, 1059, 128.34, 0
PixelHit 2556, 1061, 168.995, 0
PixelHit 2557, 1060, 243.094, 0
PixelHit 2557, 1061, 106.035, 0
PixelHit 2557, 1062, 162.722, 0
PixelHit 2558, 1059, 113.174, 0
PixelHit 2561, 1059, 148.605, 0
PixelHit 2561, 1062, 172.264, 0
PixelHit 2562, 1063, 227.143, 0
PixelHit 2565, 1060, 284.053, 0
PixelHit 2566, 1061, 278.328, 0
PixelHit 2566, 1062, 133.347, 0
PixelHit 2568, 1062, 92.3224, 0
PixelHit 2568, 1064, 63.5413, 0
PixelHit 2569, 1064, 95.2359, 0
PixelHit 2571, 1065, 55.4155, 0
PixelHit 2573, 1064, 104.676, 0
PixelHit 2575, 1061, 58.0159, 0
PixelHit 2577, 1063, 129.111, 0
PixelHit 2577, 1065, 118.674, 0
PixelHit 2578, 1063, 143.464, 0
PixelHit 2578, 1064, 92.9041, 0
PixelHit 2578, 1066, 133.474, 0
PixelHit 2579, 1060, 187.968, 0
PixelHit 2579, 1062, 131.103, 0
PixelHit 2579, 1064, 68.224, 0
PixelHit 2580, 1060, 171.552, 0
PixelHit 2580, 1062, 197.315, 0
PixelHit 2580, 1063, 107.337, 0
PixelHit 2580, 1064, 508.819, 0
PixelHit 2581, 1059, 102.033, 0
PixelHit 2581, 1061, 264.238, 0
PixelHit 2581, 1062, 637.754, 0
PixelHit 2581, 1063, 1079.02, 0
PixelHit 2581, 1064, 156.74, 0
PixelHit 2581, 1065, 337.563, 0
PixelHit 2582, 1060, 87.01, 0
PixelHit 2582, 1061, 683.678, 0
PixelHit 2582, 1062, 1236.65, 0
PixelHit 2582, 1063, 1857.01, 0
PixelHit 2582, 1064, 1527.85, 0
PixelHit 2582, 1065, 299.342, 0
PixelHit 2582, 1067, 93.7225, 0
PixelHit 2583, 1060, 196.637, 0
PixelHit 2583, 1061, 1074.58, 0
PixelHit 2583, 1062, 2423.09, 0
PixelHit 2583, 1063, 2770.32, 0
PixelHit 2583, 1064, 2961.17, 0
PixelHit 2583, 1065, 967.593, 0
PixelHit 2583, 1066, 221.773, 0
PixelHit 2584, 1060, 156.64, 0
PixelHit 2584, 1061, 967.162, 0
PixelHit 2584, 1062, 2697.14, 0
PixelHit 2584, 1063, 3899.56, 0
PixelHit 2584, 1064, 2508.78, 0
PixelHit 2584, 1065, 782.416, 0
PixelHit 2584, 1066, 287.208, 0
PixelHit 2585, 1059, 245.965, 0
PixelHit 2585, 1061, 647.72, 0
PixelHit 2585, 1062, 2392.92, 0
PixelHit 2585, 1063, 3788.11, 0
PixelHit 2585, 1064, 2734.23, 0
PixelHit 2585, 1065, 985.072, 0
PixelHit 2585, 1066, 153.221, 0
PixelHit 2585, 1067, 105.661, 0
PixelHit 2586, 1060, 172.785, 0
PixelHit 2586, 1061, 648.237, 0
PixelHit 2586, 1062, 1996.71, 0
PixelHit 2586, 1063, 3228.55, 0
PixelHit 2586, 1064, 2156.05, 0
PixelHit 2586, 1065, 570.642, 0
PixelHit 2587, 1060, 129.189, 0
PixelHit 2587, 1061, 527.32, 0
PixelHit 2587, 1062, 1290.36, 0
PixelHit 2587, 1063, 1972.89, 0
PixelHit 2587, 1064, 1731.01, 0
PixelHit 2587, 1065, 521.829, 0
PixelHit 2588, 1060, 69.9259, 0
PixelHit 2588, 1061, 557.792, 0
PixelHit 2588, 1062, 1418.73, 0
PixelHit 2588, 1063, 1850.49, 0
PixelHit 2588, 1064, 1181.55, 0
PixelHit 2588, 1065, 715.569, 0
PixelHit 2589, 1061, 476.731, 0
PixelHit 2589, 1062, 1136.91, 0
PixelHit 2589, 1063, 2124.51, 0
PixelHit 2589, 1064, 1625.12, 0
PixelHit 2589, 1065, 452.887, 0
PixelHit 2590, 1060, 169.688, 0
PixelHit 2590, 1061, 442.592, 0
PixelHit 2590, 1062, 1326.54, 0
PixelHit 2590, 1063, 2803.85, 0
PixelHit 2590, 1064, 1812.4, 0
PixelHit 2590, 1065, 247.735, 0
PixelHit 2591, 1061, 225.625, 0
PixelHit 2591, 1062, 1785.78, 0
PixelHit 2591, 1063, 2017.98, 0
PixelHit 2591, 1064, 1047.5, 0
PixelHit 2591, 1065, 364.949, 0
=== 34 ===
=== 35 ===
--- mydetector ---
PixelHit 2400, 1053, 166.587, 0
PixelHit 2402, 1049, 80.4089, 0
PixelHit 2404, 1050, 99.5108, 0
PixelHit 2404, 1054, 103.89, 0
PixelHit 2405, 1053, 85.2007, 0
PixelHit 2406, 1049, 111.549, 0
PixelHit 2406, 1055, 73.3603, 0
PixelHit 2407, 1050, 213.137, 0
PixelHit 2407, 1051, 328.846, 0
PixelHit 2408, 1052, 222.79, 0
PixelHit 2409, 1053, 80.3411, 0
PixelHit 2410, 1053, 212.737, 0
PixelHit 2411, 1050, 216.223, 0
PixelHit 2412, 1048, 82.3785, 0
PixelHit 2413, 1045, 84.3196, 0
PixelHit 2413, 1046, 162.176, 0
PixelHit 2413, 1047, 59.3104, 0
PixelHit 2414, 1046, 92.7177, 0
PixelHit 2415, 1049, 299.653, 0
PixelHit 2416, 1049, 143.626, 0
PixelHit 2417, 1046, 232.452, 0
PixelHit 2418, 1042, 106.673, 0
PixelHit 2418, 1049, 68.0173, 0
PixelHit 2419, 1044, 76.6334, 0
PixelHit 2419, 1046, 49.6872, 0
PixelHit 2419, 1047, 215.774, 0
PixelHit 2420, 1044, 97.7777, 0
PixelHit 2422, 1038, 72.0493, 0
PixelHit 2422, 1046, 61.8262, 0
PixelHit 2423, 1044, 148.831, 0
PixelHit 2423, 1046, 58.1116, 0
PixelHit 2424, 1045, 126.429, 0
PixelHit 2425, 1044, 126.285, 0
PixelHit 2425, 1047, 54.1899, 0
PixelHit 2426, 1041, 83.3967, 0
PixelHit 2426, 1042, 135.299, 0
PixelHit 2426, 1044, 126.139, 0
PixelHit 2426, 1046, 139.112, 0
PixelHit 2427, 1042, 184.768, 0
PixelHit 2427, 1043, 149.515, 0
PixelHit 2430, 1043, 122.56, 0
PixelHit 2431, 1043, 171.496, 0
PixelHit 2432, 1041, 217.917, 0
PixelHit 2434, 1040, 234.693, 0
PixelHit 2434, 1041, 170.936, 0
PixelHit 2435, 1039, 226.238, 0
PixelHit 2436, 1038, 96.5878, 0
PixelHit 2436, 1039, 169.083, 0
PixelHit 2436, 1041, 228.569, 0
PixelHit 2437, 1037, 53.3771, 0
PixelHit 2437, 1039, 186.069, 0
PixelHit 2438, 1037, 74.4397, 0
PixelHit 2438, 1040, 279.276, 0
PixelHit 2439, 1037, 87.1735, 0
PixelHit 2439, 1038, 72.6287, 0
PixelHit 2441, 1037, 91.4993, 0
PixelHit 2441, 1038, 69.6735, 0
PixelHit 2442, 1036, 235.907, 0
PixelHit 2442, 1037, 171.199, 0
PixelHit 2443, 1034, 164.081, 0
PixelHit 2443, 1037, 122.146, 0
PixelHit 2445, 1035, 113.34, 0
PixelHit 2446, 1035, 99.7349, 0
PixelHit 2447, 1033, 82.0176, 0
PixelHit 2449, 1034, 111.399, 0
PixelHit 2450, 1033, 176.271, 0
PixelHit 2451, 1032, 178.396, 0
PixelHit 2452, 1032, 173.195, 0
PixelHit 2453, 1032, 91.0527, 0
PixelHit 2453, 1033, 150.435, 0
PixelHit 2454, 1030, 232.115, 0
PixelHit 2455, 1030, 108.886, 0
PixelHit 2456, 1031, 74.4759, 0
PixelHit 2457, 1031, 58.3482, 0
PixelHit 2457, 1032, 92.3679, 0
PixelHit 2458, 1030, 159.317, 0
PixelHit 2463, 1028, 90.6016, 0
PixelHit 2464, 1028, 136.228, 0
PixelHit 2467, 1025, 267.169, 0
PixelHit 2467, 1026, 374.943, 0
PixelHit 2467, 1027, 473.5, 0
PixelHit 2468, 1026, 427.093, 0
PixelHit 2468, 1027, 161.081, 0
PixelHit 2469, 1025, 195.212, 0
PixelHit 2469, 1026, 83.0805, 0
PixelHit 2470, 1025, 61.3358, 0
PixelHit 2472, 1026, 63.2345, 0
PixelHit 2474, 1023, 84.4529, 0
PixelHit 2474, 1024, 262.787, 0
PixelHit 2475, 1023, 127.337, 0
PixelHit 2480, 1021, 128.923, 0
PixelHit 2481, 1020, 65.7684, 0
=== 36 ===
=== 37 ===
=== 38 ===
=== 39 ===
=== 40 ===
=== 41 ===
=== 42 ===
=== 43 ===
=== 44 ===
=== 45 ===
=== 46 ===
=== 47 ===
=== 48 ===
=== 49 ===
=== 50 ===
=== 51 ===
=== 52 ===
--- mydetector ---
PixelHit 391, 1277, 55.5498, 0
=== 53 ===
=== 54 ===
=== 55 ===
--- mydetector ---
PixelHit 2570, 942, 154.372, 0
PixelHit 2571, 942, 52.5611, 0
PixelHit 2571, 943, 181.04, 0
PixelHit 2571, 946, 139.637, 0
PixelHit 2572, 937, 261.812, 0
PixelHit 2572, 939, 128.719, 0
PixelHit 2572, 940, 308.517, 0
PixelHit 2572, 941, 111.362, 0
PixelHit 2572, 942, 417.204, 0
PixelHit 2572, 943, 132.289, 0
PixelHit 2572, 944, 149.102, 0
PixelHit 2572, 945, 86.4505, 0
PixelHit 2572, 946, 59.9699, 0
PixelHit 2573, 939, 164.121, 0
PixelHit 2573, 940, 251.426, 0
PixelHit 2573, 941, 744.966, 0
PixelHit 2573, 942, 482.994, 0
PixelHit 2573, 943, 376.301, 0
PixelHit 2573, 944, 311.625, 0
PixelHit 2573, 945, 301.415, 0
PixelHit 2573, 946, 98.4912, 0
PixelHit 2573, 947, 74.5977, 0
PixelHit 2574, 938, 100.206, 0
PixelHit 2574, 939, 220.876, 0
PixelHit 2574, 940, 452.458, 0
PixelHit 2574, 941, 1008.92, 0
PixelHit 2574, 942, 1321.41, 0
PixelHit 2574, 943, 1329.22, 0
PixelHit 2574, 944, 805.161, 0
PixelHit 2574, 945, 246.425, 0
PixelHit 2574, 948, 159.284, 0
PixelHit 2575, 937, 221.942, 0
PixelHit 2575, 938, 233.53, 0
PixelHit 2575, 939, 88.2702, 0
PixelHit 2575, 940, 467.535, 0
PixelHit 2575, 941, 1522.37, 0
PixelHit 2575, 942, 1801.26, 0
PixelHit 2575, 943, 1616.82, 0
PixelHit 2575, 944, 1112.99, 0
PixelHit 2575, 945, 523.559, 0
PixelHit 2575, 946, 325.576, 0
PixelHit 2575, 947, 102.836, 0
PixelHit 2576, 938, 145.941, 0
PixelHit 2576, 939, 509.631, 0
PixelHit 2576, 940, 970.708, 0
PixelHit 2576, 941, 1566.15, 0
PixelHit 2576, 942, 2173.58, 0
PixelHit 2576, 943, 2306.49, 0
PixelHit 2576, 944, 1609.84, 0
PixelHit 2576, 945, 632.075, 0
PixelHit 2576, 946, 301.357, 0
PixelHit 2576, 947, 115.35, 0
PixelHit 2577, 937, 112.622, 0
PixelHit 2577, 939, 207.552, 0
PixelHit 2577, 940, 570.337, 0
PixelHit 2577, 941, 1172.55, 0
PixelHit 2577, 942, 2472.68, 0
PixelHit 2577, 943, 2293.9, 0
PixelHit 2577, 944, 2401.19, 0
PixelHit 2577, 945, 947.903, 0
PixelHit 2577, 946, 562.411, 0
PixelHit 2577, 948, 132.758, 0
PixelHit 2578, 939, 320.306, 0
PixelHit 2578, 940, 368.833, 0
PixelHit 2578, 941, 1190.48, 0
PixelHit 2578, 942, 1343.01, 0
PixelHit 2578, 943, 1511.13, 0
PixelHit 2578, 944, 1467.47, 0
PixelHit 2578, 945, 1175.01, 0
PixelHit 2578, 946, 500.132, 0
PixelHit 2578, 947, 184.365, 0
PixelHit 2578, 948, 90.7406, 0
PixelHit 2579, 939, 332.741, 0
PixelHit 2579, 940, 353.04, 0
PixelHit 2579, 941, 666.733, 0
PixelHit 2579, 942, 1451.38, 0
PixelHit 2579, 943, 1773.81, 0
PixelHit 2579, 944, 1629.06, 0
PixelHit 2579, 945, 848.941, 0
PixelHit 2579, 946, 679.045, 0
PixelHit 2579, 947, 149.125, 0
PixelHit 2580, 939, 197.902, 0
PixelHit 2580, 940, 129.912, 0
PixelHit 2580, 941, 543.49, 0
PixelHit 2580, 942, 494.634, 0
PixelHit 2580, 943, 1662.28, 0
PixelHit 2580, 944, 1587.35, 0
PixelHit 2580, 945, 1072.23, 0
PixelHit 2580, 946, 1027.44, 0
PixelHit 2580, 947, 108.259, 0
PixelHit 2580, 948, 67.261, 0
PixelHit 2581, 939, 163.661, 0
PixelHit 2581, 940, 112.257, 0
PixelHit 2581, 941, 570.423, 0
PixelHit 2581, 942, 819.379, 0
PixelHit 2581, 943, 1506.96, 0
PixelHit 2581, 944, 1875.27, 0
PixelHit 2581, 945, 1344.38, 0
PixelHit 2581, 946, 773.361, 0
PixelHit 2581, 947, 500.26, 0
PixelHit 2582, 941, 242.708, 0
PixelHit 2582, 942, 622.599, 0
PixelHit 2582, 943, 1398.23, 0
PixelHit 2582, 944, 1422.73, 0
PixelHit 2582, 945, 1578.52, 0
PixelHit 2582, 946, 1161.07, 0
PixelHit 2582, 947, 330.54, 0
PixelHit 2582, 948, 273.648, 0
PixelHit 2582, 949, 76.1828, 0
PixelHit 2583, 941, 301.456, 0
PixelHit 2583, 942, 580.254, 0
PixelHit 2583, 943, 1051.19, 0
PixelHit 2583, 944, 1387.96, 0
PixelHit 2583, 945, 1567.6, 0
PixelHit 2583, 946, 1215.57, 0
PixelHit 2583, 947, 586.632, 0
PixelHit 2583, 948, 331.111, 0
PixelHit 2584, 941, 325.443, 0
PixelHit 2584, 942, 627.934, 0
PixelHit 2584, 943, 920.029, 0
PixelHit 2584, 944, 1410.93, 0
PixelHit 2584, 945, 1487.46, 0
PixelHit 2584, 946, 1282.15, 0
PixelHit 2584, 947, 501.614, 0
PixelHit 2584, 948, 94.8083, 0
PixelHit 2584, 949, 62.838, 0
PixelHit 2585, 941, 141.041, 0
PixelHit 2585, 942, 319.786, 0
PixelHit 2585, 943, 548.209, 0
PixelHit 2585, 944, 1051.07, 0
PixelHit 2585, 945, 1063.86, 0
PixelHit 2585, 946, 1250, 0
PixelHit 2585, 947, 719.512, 0
PixelHit 2585, 948, 182.006, 0
PixelHit 2585, 950, 91.5344, 0
PixelHit 2586, 942, 239.122, 0
PixelHit 2586, 943, 261.485, 0
PixelHit 2586, 944, 628.016, 0
PixelHit 2586, 945, 785, 0
PixelHit 2586, 946, 890.241, 0
PixelHit 2586, 947, 541.509, 0
PixelHit 2586, 948, 323.478, 0
PixelHit 2587, 941, 185.382, 0
PixelHit 2587, 942, 76.6875, 0
PixelHit 2587, 943, 299.088, 0
PixelHit 2587, 944, 771.918, 0
PixelHit 2587, 945, 666.097, 0
PixelHit 2587, 946, 656.301, 0
PixelHit 2587, 947, 754.402, 0
PixelHit 2587, 948, 302.275, 0
PixelHit 2587, 949, 52.3848, 0
PixelHit 2588, 942, 238.913, 0
PixelHit 2588, 943, 150.563, 0
PixelHit 2588, 944, 550.6, 0
PixelHit 2588, 945, 707.182, 0
PixelHit 2588, 946, 1306.04, 0
PixelHit 2588, 947, 750.688, 0
PixelHit 2588, 948, 512.048, 0
PixelHit 2588, 949, 350.274, 0
PixelHit 2588, 950, 83.1022, 0
PixelHit 2589, 944, 169.782, 0
PixelHit 2589, 945, 552.8, 0
PixelHit 2589, 946, 955.531, 0
PixelHit 2589, 947, 727.229, 0
PixelHit 2589, 948, 324.607, 0
PixelHit 2589, 949, 220.006, 0
PixelHit 2589, 950, 63.5306, 0
PixelHit 2590, 941, 115.573, 0
PixelHit 2590, 942, 79.9733, 0
PixelHit 2590, 943, 335.642, 0
PixelHit 2590, 944, 315.115, 0
PixelHit 2590, 945, 498.698, 0
PixelHit 2590, 946, 872.312, 0
PixelHit 2590, 947, 779.84, 0
PixelHit 2590, 948, 871.271, 0
PixelHit 2590, 949, 596.986, 0
PixelHit 2590, 950, 166.068, 0
PixelHit 2590, 951, 91.2882, 0
PixelHit 2591, 943, 172.105, 0
PixelHit 2591, 944, 316.07, 0
PixelHit 2591, 945, 322.059, 0
PixelHit 2591, 946, 834.809, 0
PixelHit 2591, 947, 703.279, 0
PixelHit 2591, 948, 927.805, 0
PixelHit 2591, 949, 551.872, 0
PixelHit 2591, 950, 551.29, 0
PixelHit 2591, 951, 394.111, 0
PixelHit 2591, 952, 108.52, 0
=== 56 ===
=== 57 ===
=== 58 ===
--- mydetector ---
PixelHit 2321, 847, 150.231, 0
PixelHit 2323, 846, 85.3655, 0
PixelHit 2323, 847, 53.6197, 0
PixelHit 2324, 844, 93.4041, 0
PixelHit 2325, 846, 54.646, 0
PixelHit 2325, 847, 64.4625, 0
PixelHit 2327, 843, 56.8522, 0
PixelHit 2327, 848, 178.528, 0
PixelHit 2330, 847, 297.277, 0
PixelHit 2330, 848, 85.4568, 0
PixelHit 2330, 851, 69.1005, 0
PixelHit 2331, 844, 63.642, 0
PixelHit 2331, 847, 56.125, 0
PixelHit 2332, 847, 52.6666, 0
PixelHit 2332, 849, 57.4027, 0
PixelHit 2333, 845, 71.0476, 0
PixelHit 2333, 848, 130.835, 0
PixelHit 2334, 847, 49.8477, 0
PixelHit 2334, 848, 172.658, 0
PixelHit 2334, 849, 191.167, 0
PixelHit 2335, 850, 113.464, 0
PixelHit 2335, 851, 62.2726, 0
PixelHit 2336, 845, 94.0346, 0
PixelHit 2337, 848, 174.501, 0
PixelHit 2339, 848, 161.081, 0
PixelHit 2340, 851, 284.326, 0
PixelHit 2341, 849, 88.1836, 0
PixelHit 2341, 852, 162.128, 0
PixelHit 2342, 849, 162.094, 0
PixelHit 2342, 850, 87.3665, 0
PixelHit 2342, 851, 123.513, 0
PixelHit 2344, 849, 68.3964, 0
PixelHit 2344, 850, 168.905, 0
PixelHit 2346, 849, 103.503, 0
PixelHit 2347, 852, 147.298, 0
PixelHit 2348, 850, 284.861, 0
PixelHit 2348, 852, 229.266, 0
PixelHit 2349, 853, 76.271, 0
PixelHit 2352, 853, 144.466, 0
PixelHit 2353, 853, 59.7272, 0
PixelHit 2355, 852, 88.229, 0
PixelHit 2358, 853, 107.857, 0
PixelHit 2359, 853, 92.2918, 0
PixelHit 2359, 854, 65.9996, 0
PixelHit 2361, 853, 67.0382, 0
PixelHit 2362, 854, 346.757, 0
PixelHit 2364, 853, 147.291, 0
PixelHit 2364, 855, 66.0563, 0
PixelHit 2365, 855, 56.911, 0
PixelHit 2366, 855, 211.139, 0
PixelHit 2366, 856, 135.079, 0
PixelHit 2367, 855, 108.028, 0
PixelHit 2367, 856, 96.9612, 0
PixelHit 2368, 855, 194.952, 0
PixelHit 2369, 856, 198.985, 0
PixelHit 2370, 855, 95.0143, 0
PixelHit 2370, 856, 156.409, 0
PixelHit 2371, 855, 52.6115, 0
PixelHit 2372, 855, 73.2517, 0
PixelHit 2372, 856, 58.8603, 0
PixelHit 2372, 857, 166.429, 0
PixelHit 2373, 856, 113.694, 0
PixelHit 2373, 857, 199.626, 0
PixelHit 2374, 857, 144.422, 0
PixelHit 2375, 857, 188.915, 0
PixelHit 2377, 858, 63.4437, 0
PixelHit 2378, 857, 67.2836, 0
PixelHit 2379, 857, 60.4918, 0
=== 59 ===
=== 60 ===
=== 61 ===
--- mydetector ---
PixelHit 2398, 1023, 59.2824, 0
PixelHit 2400, 1021, 72.3915, 0
PixelHit 2402, 1022, 54.5577, 0
PixelHit 2403, 1017, 98.8475, 0
PixelHit 2404, 1022, 85.2864, 0
PixelHit 2404, 1024, 147.989, 0
PixelHit 2405, 1016, 160.716, 0
PixelHit 2408, 1017, 110.39, 0
PixelHit 2408, 1022, 69.1368, 0
PixelHit 2409, 1018, 45.3492, 0
PixelHit 2410, 1015, 273.68, 0
PixelHit 2410, 1017, 235.123, 0
PixelHit 2411, 1016, 166.78, 0
PixelHit 2412, 1017, 259.614, 0
PixelHit 2414, 1014, 115.589, 0
PixelHit 2414, 1017, 111.119, 0
PixelHit 2415, 1012, 111.508, 0
PixelHit 2416, 1014, 111.708, 0
PixelHit 2417, 1012, 299.021, 0
PixelHit 2417, 1014, 159.45, 0
PixelHit 2418, 1014, 98.1733, 0
PixelHit 2419, 1017, 67.653, 0
PixelHit 2420, 1012, 62.1832, 0
PixelHit 2420, 1014, 77.7342, 0
PixelHit 2421, 1012, 51.5311, 0
PixelHit 2422, 1011, 83.8524, 0
PixelHit 2423, 1010, 223.729, 0
PixelHit 2423, 1012, 150.046, 0
PixelHit 2424, 1010, 83.4827, 0
PixelHit 2424, 1011, 190.582, 0
PixelHit 2424, 1012, 93.4326, 0
PixelHit 2424, 1013, 290.42, 0
PixelHit 2425, 1009, 137.875, 0
PixelHit 2425, 1013, 58.7864, 0
PixelHit 2426, 1011, 170.368, 0
PixelHit 2426, 1014, 75.829, 0
PixelHit 2427, 1009, 183.449, 0
PixelHit 2427, 1011, 80.3336, 0
PixelHit 2428, 1009, 133.934, 0
PixelHit 2429, 1009, 100.859, 0
PixelHit 2429, 1010, 76.0671, 0
PixelHit 2429, 1011, 196.622, 0
PixelHit 2430, 1008, 63.6962, 0
PixelHit 2430, 1009, 211.852, 0
PixelHit 2432, 1009, 180.809, 0
PixelHit 2433, 1007, 147.671, 0
PixelHit 2434, 1006, 142.986, 0
PixelHit 2434, 1008, 158.16, 0
PixelHit 2435, 1005, 36.4671, 0
PixelHit 2436, 1006, 202.772, 0
PixelHit 2438, 1007, 181.015, 0
PixelHit 2439, 1004, 67.4051, 0
PixelHit 2439, 1005, 149.957, 0
PixelHit 2439, 1006, 168.504, 0
PixelHit 2440, 1004, 57.7712, 0
PixelHit 2441, 1006, 88.9037, 0
PixelHit 2442, 1002, 115.204, 0
PixelHit 2443, 1002, 126.159, 0
PixelHit 2443, 1004, 221.858, 0
PixelHit 2444, 1002, 196.163, 0
PixelHit 2444, 1003, 132.627, 0
PixelHit 2445, 1001, 46.2819, 0
PixelHit 2445, 1003, 235.288, 0
PixelHit 2447, 1001, 63.9114, 0
PixelHit 2448, 1000, 112.744, 0
PixelHit 2449, 999, 107.397, 0
PixelHit 2450, 1000, 316.041, 0
PixelHit 2453, 998, 138.043, 0
PixelHit 2455, 997, 84.6755, 0
=== 62 ===
=== 63 ===
=== 64 ===
=== 65 ===
=== 66 ===
=== 67 ===
=== 68 ===
=== 69 ===
=== 70 ===
=== 71 ===
=== 72 ===
=== 73 ===
=== 74 ===
--- mydetector ---
PixelHit 1502, 1212, 91.4685, 0
PixelHit 1502, 1214, 215.661, 0
PixelHit 1503, 1210, 119.019, 0
PixelHit 1503, 1211, 115.73, 0
PixelHit 1503, 1212, 60.9739, 0
PixelHit 1503, 1213, 59.4541, 0
PixelHit 1503, 1216, 174.886, 0
PixelHit 1504, 1208, 59.7022, 0
PixelHit 1504, 1212, 147.069, 0
PixelHit 1504, 1214, 123.413, 0
PixelHit 1504, 1215, 185.156, 0
PixelHit 1504, 1216, 52.7346, 0
PixelHit 1504, 1217, 168.68, 0
PixelHit 1504, 1218, 80.1538, 0
PixelHit 1505, 1212, 154.023, 0
PixelHit 1505, 1213, 88.2407, 0
PixelHit 1505, 1214, 88.3761, 0
PixelHit 1505, 1215, 212.609, 0
PixelHit 1505, 1216, 102.012, 0
PixelHit 1505, 1217, 252.053, 0
PixelHit 1505, 1218, 130.948, 0
PixelHit 1506, 1212, 95.0407, 0
=== 75 ===
=== 76 ===
=== 77 ===
=== 78 ===
=== 79 ===
=== 80 ===
--- mydetector ---
PixelHit 2578, 699, 68.1947, 0
PixelHit 2580, 702, 63.6966, 0
PixelHit 2581, 699, 76.9475, 0
PixelHit 2583, 703, 180.334, 0
PixelHit 2584, 702, 134.087, 0
PixelHit 2585, 702, 335.322, 0
PixelHit 2585, 703, 134.675, 0
PixelHit 2586, 701, 117.835, 0
PixelHit 2586, 702, 181.827, 0
PixelHit 2586, 703, 256.202, 0
PixelHit 2586, 704, 141.928, 0
PixelHit 2586, 705, 156.575, 0
PixelHit 2587, 704, 235.637, 0
=== 81 ===
=== 82 ===
=== 83 ===
=== 84 ===
=== 85 ===
--- mydetector ---
PixelHit 2586, 1129, 137.43, 0
PixelHit 2586, 1130, 93.6458, 0
PixelHit 2587, 1125, 187.236, 0
PixelHit 2587, 1128, 148.597, 0
PixelHit 2587, 1129, 66.9921, 0
PixelHit 2588, 1124, 96.4602, 0
PixelHit 2588, 1125, 61.0977, 0
PixelHit 2588, 1127, 133.246, 0
PixelHit 2588, 1130, 159.812, 0
PixelHit 2588, 1131, 67.6052, 0
PixelHit 2589, 1125, 121.617, 0
PixelHit 2589, 1127, 60.5463, 0
PixelHit 2589, 1128, 151.686, 0
PixelHit 2589, 1129, 119.16, 0
PixelHit 2589, 1132, 124.087, 0
PixelHit 2589, 1133, 235.044, 0
PixelHit 2590, 1124, 168.677, 0
PixelHit 2590, 1126, 67.4975, 0
PixelHit 2590, 1127, 229.612, 0
PixelHit 2590, 1129, 99.9992, 0
PixelHit 2591, 1127, 87.5061, 0
PixelHit 2591, 1128, 280.873, 0
PixelHit 2591, 1130, 123.854, 0
=== 86 ===
=== 87 ===
=== 88 ===
=== 89 ===
=== 90 ===
=== 91 ===
=== 92 ===
=== 93 ===
=== 94 ===
=== 95 ===
=== 96 ===
=== 97 ===
=== 98 ===
=== 99 ===
=== 100 ===
# 925 objects from 12 messages
