# Allpix Squared ASCII data - https://cern.ch/allpix-squared

=== 1 ===
=== 2 ===
=== 3 ===
=== 4 ===
--- mydetector ---
PixelHit 1617, 1732, 1585.52, 0
PixelHit 1619, 1732, 174.617, 0
PixelHit 1620, 1732, 181.003, 0
PixelHit 1624, 1732, 271.906, 0
PixelHit 1627, 1731, 59.6298, 0
PixelHit 1627, 1733, 149.83, 0
PixelHit 1628, 1731, 143.563, 0
PixelHit 1628, 1732, 132.878, 0
PixelHit 1629, 1732, 259.797, 0
PixelHit 1629, 1733, 216.254, 0
PixelHit 1630, 1732, 322.242, 0
PixelHit 1631, 1731, 88.3764, 0
PixelHit 1633, 1732, 56.521, 0
PixelHit 1634, 1732, 127.341, 0
PixelHit 1635, 1731, 263.003, 0
PixelHit 1637, 1730, 76.0501, 0
PixelHit 1638, 1731, 101.342, 0
PixelHit 1638, 1732, 70.4948, 0
PixelHit 1638, 1733, 298.863, 0
PixelHit 1639, 1732, 144.875, 0
PixelHit 1640, 1732, 83.2557, 0
PixelHit 1641, 1731, 108.664, 0
PixelHit 1641, 1732, 100.702, 0
PixelHit 1642, 1730, 81.1069, 0
PixelHit 1642, 1731, 149.151, 0
PixelHit 1642, 1732, 153.514, 0
PixelHit 1643, 1731, 156.329, 0
PixelHit 1643, 1732, 172.539, 0
PixelHit 1644, 1730, 71.5622, 0
PixelHit 1644, 1731, 231.845, 0
PixelHit 1645, 1731, 198.777, 0
PixelHit 1646, 1732, 58.084, 0
PixelHit 1646, 1733, 85.2756, 0
PixelHit 1647, 1730, 103.926, 0
PixelHit 1647, 1731, 126.563, 0
PixelHit 1649, 1731, 85.1997, 0
PixelHit 1650, 1731, 266.37, 0
PixelHit 1651, 1729, 267.831, 0
PixelHit 1651, 1732, 349.373, 0
PixelHit 1652, 1729, 378.153, 0
PixelHit 1652, 1730, 67.8507, 0
PixelHit 1653, 1730, 112.017, 0
PixelHit 1653, 1731, 84.3123, 0
PixelHit 1653, 1733, 43.0321, 0
PixelHit 1654, 1731, 114.077, 0
PixelHit 1656, 1731, 154.562, 0
PixelHit 1656, 1732, 90.0155, 0
PixelHit 1657, 1730, 187.263, 0
PixelHit 1657, 1731, 352.826, 0
PixelHit 1657, 1732, 75.1207, 0
PixelHit 1658, 1731, 182.417, 0
PixelHit 1660, 1730, 57.0378, 0
PixelHit 1661, 1728, 231.975, 0
PixelHit 1662, 1730, 132.28, 0
PixelHit 1663, 1730, 55.4833, 0
PixelHit 1664, 1730, 147.27, 0
PixelHit 1664, 1731, 52.7531, 0
PixelHit 1664, 1732, 133.653, 0
PixelHit 1665, 1730, 108.256, 0
PixelHit 1666, 1727, 64.5985, 0
PixelHit 1666, 1729, 130.83, 0
PixelHit 1667, 1725, 102.716, 0
PixelHit 1667, 1726, 158.36, 0
PixelHit 1667, 1727, 447.525, 0
PixelHit 1667, 1728, 507.1, 0
PixelHit 1667, 1729, 271.697, 0
PixelHit 1667, 1731, 167.203, 0
PixelHit 1668, 1725, 104.108, 0
PixelHit 1668, 1726, 364.561, 0
PixelHit 1668, 1727, 962.427, 0
PixelHit 1668, 1728, 837.203, 0
PixelHit 1668, 1729, 344.842, 0
PixelHit 1668, 1730, 259.733, 0
PixelHit 1669, 1726, 253.678, 0
PixelHit 1669, 1727, 234.577, 0
PixelHit 1669, 1728, 712.357, 0
PixelHit 1669, 1729, 659.496, 0
PixelHit 1669, 1730, 205.154, 0
PixelHit 1669, 1731, 175.795, 0
PixelHit 1670, 1726, 173.965, 0
PixelHit 1670, 1727, 306.105, 0
PixelHit 1670, 1728, 377.73, 0
PixelHit 1670, 1729, 417.56, 0
PixelHit 1670, 1730, 447.363, 0
PixelHit 1671, 1726, 55.0393, 0
PixelHit 1671, 1728, 311.422, 0
PixelHit 1671, 1730, 274.69, 0
PixelHit 1671, 1732, 187.818, 0
PixelHit 1672, 1730, 176.504, 0
PixelHit 1672, 1731, 178.019, 0
PixelHit 1672, 1732, 174.333, 0
PixelHit 1673, 1730, 88.4643, 0
PixelHit 1674, 1731, 125.264, 0
PixelHit 1675, 1729, 209.985, 0
PixelHit 1675, 1730, 66.849, 0
PixelHit 1675, 1731, 101.837, 0
PixelHit 1675, 1732, 99.6554, 0
PixelHit 1676, 1727, 138.131, 0
PixelHit 1676, 1728, 63.3447, 0
PixelHit 1676, 1730, 279.254, 0
PixelHit 1676, 1731, 165.414, 0
PixelHit 1677, 1729, 202.692, 0
PixelHit 1678, 1731, 53.0443, 0
PixelHit 1679, 1728, 318.204, 0
PixelHit 1679, 1729, 413.406, 0
PixelHit 1679, 1730, 114.89, 0
PixelHit 1679, 1732, 226.238, 0
PixelHit 1680, 1727, 127.735, 0
PixelHit 1680, 1730, 150.352, 0
PixelHit 1680, 1732, 87.3978, 0
PixelHit 1681, 1727, 119.267, 0
PixelHit 1681, 1728, 304.981, 0
PixelHit 1681, 1729, 180.592, 0
PixelHit 1681, 1731, 60.2685, 0
PixelHit 1682, 1728, 156.316, 0
PixelHit 1682, 1730, 88.5647, 0
PixelHit 1683, 1730, 141.017, 0
PixelHit 1683, 1732, 211.041, 0
PixelHit 1684, 1729, 154.089, 0
PixelHit 1684, 1731, 67.4507, 0
PixelHit 1685, 1729, 182.973, 0
PixelHit 1686, 1730, 98.9219, 0
PixelHit 1687, 1729, 155.825, 0
PixelHit 1688, 1730, 247.334, 0
PixelHit 1689, 1731, 120.641, 0
PixelHit 1690, 1730, 94.8221, 0
PixelHit 1691, 1728, 177.533, 0
PixelHit 1691, 1731, 146.891, 0
PixelHit 1692, 1729, 179.869, 0
PixelHit 1693, 1730, 161.001, 0
PixelHit 1694, 1729, 77.0388, 0
PixelHit 1694, 1730, 91.0151, 0
PixelHit 1695, 1729, 69.7059, 0
PixelHit 1695, 1730, 106.264, 0
PixelHit 1696, 1728, 67.1391, 0
PixelHit 1696, 1731, 52.7506, 0
PixelHit 1697, 1728, 171.461, 0
PixelHit 1697, 1729, 147.071, 0
PixelHit 1698, 1728, 112.019, 0
PixelHit 1698, 1732, 129.069, 0
PixelHit 1699, 1728, 132.154, 0
PixelHit 1699, 1730, 60.041, 0
PixelHit 1700, 1726, 126.199, 0
PixelHit 1700, 1727, 52.1009, 0
PixelHit 1700, 1728, 175.948, 0
PixelHit 1700, 1730, 85.8562, 0
PixelHit 1700, 1731, 167.181, 0
PixelHit 1701, 1728, 52.6242, 0
PixelHit 1701, 1729, 192.042, 0
PixelHit 1702, 1727, 137.214, 0
PixelHit 1702, 1728, 78.1956, 0
PixelHit 1702, 1729, 314.329, 0
PixelHit 1702, 1731, 181.986, 0
PixelHit 1703, 1726, 85.4468, 0
PixelHit 1703, 1727, 153.812, 0
PixelHit 1704, 1728, 191.721, 0
PixelHit 1704, 1732, 59.4007, 0
PixelHit 1705, 1726, 58.4128, 0
PixelHit 1705, 1728, 84.143, 0
PixelHit 1705, 1729, 73.6901, 0
PixelHit 1706, 1728, 212.823, 0
PixelHit 1708, 1727, 187.428, 0
PixelHit 1708, 1728, 70.9982, 0
PixelHit 1708, 1729, 84.6314, 0
PixelHit 1708, 1730, 118.136, 0
PixelHit 1709, 1727, 168.783, 0
PixelHit 1709, 1729, 224.868, 0
PixelHit 1710, 1728, 112.344, 0
PixelHit 1710, 1729, 143.813, 0
PixelHit 1710, 1731, 169.854, 0
PixelHit 1711, 1726, 168.651, 0
PixelHit 1712, 1728, 79.9798, 0
PixelHit 1712, 1729, 86.0952, 0
PixelHit 1712, 1730, 146.983, 0
PixelHit 1713, 1727, 59.4078, 0
PixelHit 1713, 1728, 93.6544, 0
PixelHit 1714, 1727, 285.635, 0
PixelHit 1714, 1729, 55.2806, 0
PixelHit 1714, 1731, 248.067, 0
PixelHit 1715, 1727, 92.1746, 0
PixelHit 1715, 1728, 68.4874, 0
PixelHit 1716, 1726, 179.943, 0
PixelHit 1717, 1724, 75.4779, 0
PixelHit 1717, 1727, 287.607, 0
PixelHit 1717, 1728, 166.504, 0
PixelHit 1718, 1728, 278.225, 0
PixelHit 1719, 1728, 110.509, 0
PixelHit 1720, 1728, 213.045, 0
PixelHit 1721, 1726, 117.942, 0
PixelHit 1721, 1727, 89.3112, 0
PixelHit 1721, 1728, 82.0198, 0
PixelHit 1723, 1727, 65.7517, 0
PixelHit 1724, 1727, 113.39, 0
PixelHit 1726, 1730, 92.6905, 0
PixelHit 1727, 1726, 92.9147, 0
PixelHit 1728, 1726, 98.6671, 0
PixelHit 1729, 1727, 233.279, 0
PixelHit 1730, 1728, 174.672, 0
PixelHit 1731, 1724, 224.586, 0
PixelHit 1731, 1731, 167.312, 0
PixelHit 1732, 1727, 259.297, 0
PixelHit 1732, 1729, 55.4723, 0
PixelHit 1733, 1725, 126.872, 0
PixelHit 1733, 1726, 46.4223, 0
PixelHit 1733, 1728, 222.235, 0
PixelHit 1734, 1726, 54.7649, 0
PixelHit 1734, 1728, 116.915, 0
PixelHit 1735, 1724, 129.864, 0
PixelHit 1735, 1727, 60.6255, 0
=== 5 ===
=== 6 ===
=== 7 ===
=== 8 ===
--- mydetector ---
PixelHit 961, 1247, 213.416, 0
PixelHit 962, 1246, 252.359, 0
PixelHit 962, 1247, 327.616, 0
PixelHit 964, 1247, 75.8643, 0
PixelHit 965, 1246, 86.5433, 0
PixelHit 966, 1247, 121.956, 0
PixelHit 967, 1246, 83.914, 0
PixelHit 967, 1247, 208.324, 0
PixelHit 968, 1246, 61.1186, 0
PixelHit 968, 1247, 184.264, 0
PixelHit 969, 1247, 345.353, 0
PixelHit 970, 1246, 79.3502, 0
PixelHit 970, 1247, 68.362, 0
PixelHit 971, 1246, 225.332, 0
PixelHit 971, 1248, 99.86, 0
PixelHit 972, 1246, 80.0252, 0
PixelHit 972, 1247, 80.2238, 0
PixelHit 973, 1247, 114.51, 0
PixelHit 974, 1246, 85.1056, 0
PixelHit 975, 1248, 46.3238, 0
PixelHit 976, 1246, 76.6094, 0
PixelHit 976, 1247, 187.922, 0
PixelHit 977, 1246, 175.989, 0
PixelHit 977, 1247, 92.1158, 0
PixelHit 980, 1247, 99.5809, 0
PixelHit 981, 1247, 106.527, 0
PixelHit 981, 1248, 176.738, 0
PixelHit 983, 1245, 54.6027, 0
PixelHit 983, 1246, 68.457, 0
PixelHit 985, 1246, 91.509, 0
PixelHit 985, 1247, 120.368, 0
PixelHit 985, 1248, 228.511, 0
PixelHit 987, 1245, 187.753, 0
PixelHit 987, 1246, 282.669, 0
PixelHit 987, 1247, 211.38, 0
PixelHit 988, 1246, 144.849, 0
PixelHit 988, 1247, 149.964, 0
PixelHit 989, 1247, 240.208, 0
PixelHit 990, 1245, 110.206, 0
PixelHit 990, 1247, 131.765, 0
PixelHit 991, 1246, 111.603, 0
PixelHit 991, 1247, 284.887, 0
PixelHit 992, 1246, 67.8835, 0
PixelHit 995, 1245, 159.99, 0
PixelHit 996, 1248, 61.6764, 0
PixelHit 997, 1245, 57.3036, 0
PixelHit 997, 1247, 230.375, 0
PixelHit 997, 1248, 80.2856, 0
PixelHit 998, 1246, 86.1603, 0
PixelHit 998, 1247, 79.9772, 0
PixelHit 999, 1246, 185.021, 0
PixelHit 999, 1247, 82.3411, 0
PixelHit 1000, 1247, 235.416, 0
PixelHit 1001, 1245, 75.3303, 0
PixelHit 1001, 1246, 223.358, 0
PixelHit 1002, 1245, 322.208, 0
PixelHit 1002, 1248, 92.6103, 0
PixelHit 1003, 1246, 166.567, 0
PixelHit 1004, 1247, 81.7439, 0
PixelHit 1005, 1247, 282.093, 0
PixelHit 1006, 1248, 111.224, 0
PixelHit 1007, 1245, 66.0406, 0
PixelHit 1008, 1247, 111.489, 0
PixelHit 1009, 1246, 74.5655, 0
PixelHit 1009, 1248, 50.0634, 0
PixelHit 1010, 1248, 137.429, 0
PixelHit 1011, 1247, 163.284, 0
PixelHit 1012, 1244, 86.0113, 0
PixelHit 1012, 1246, 188.102, 0
PixelHit 1012, 1247, 67.0878, 0
PixelHit 1012, 1250, 54.0114, 0
PixelHit 1013, 1244, 296.566, 0
PixelHit 1013, 1247, 45.7539, 0
PixelHit 1014, 1248, 199.298, 0
PixelHit 1015, 1245, 240.853, 0
PixelHit 1015, 1246, 98.5533, 0
PixelHit 1015, 1247, 133.187, 0
PixelHit 1015, 1248, 139.78, 0
PixelHit 1016, 1246, 165.332, 0
PixelHit 1017, 1246, 180.339, 0
PixelHit 1017, 1248, 75.1107, 0
PixelHit 1019, 1247, 75.0277, 0
PixelHit 1020, 1245, 81.144, 0
PixelHit 1020, 1246, 96.8636, 0
PixelHit 1022, 1245, 126.968, 0
PixelHit 1022, 1246, 67.0232, 0
PixelHit 1023, 1245, 90.5787, 0
PixelHit 1024, 1247, 193.96, 0
PixelHit 1025, 1246, 86.2785, 0
PixelHit 1025, 1247, 258.267, 0
PixelHit 1025, 1248, 86.3181, 0
PixelHit 1026, 1245, 214.39, 0
PixelHit 1026, 1246, 177.48, 0
PixelHit 1026, 1247, 193.698, 0
PixelHit 1027, 1246, 113.504, 0
PixelHit 1027, 1248, 77.2819, 0
PixelHit 1028, 1247, 79.7708, 0
PixelHit 1028, 1249, 139.572, 0
PixelHit 1029, 1246, 208.735, 0
PixelHit 1029, 1247, 106.045, 0
PixelHit 1029, 1248, 62.4382, 0
PixelHit 1030, 1245, 208.936, 0
PixelHit 1030, 1247, 70.7327, 0
PixelHit 1031, 1245, 96.6243, 0
PixelHit 1031, 1248, 47.1519, 0
PixelHit 1032, 1242, 54.4282, 0
PixelHit 1033, 1247, 157.684, 0
PixelHit 1034, 1247, 96.0869, 0
PixelHit 1034, 1249, 91.2468, 0
PixelHit 1035, 1246, 75.5601, 0
PixelHit 1035, 1247, 97.8796, 0
PixelHit 1035, 1248, 203.817, 0
PixelHit 1036, 1245, 114.415, 0
PixelHit 1036, 1246, 197.725, 0
PixelHit 1038, 1247, 151.709, 0
PixelHit 1039, 1247, 204.602, 0
PixelHit 1039, 1248, 81.6299, 0
PixelHit 1040, 1246, 120.142, 0
PixelHit 1040, 1247, 77.2423, 0
PixelHit 1040, 1249, 107.403, 0
PixelHit 1041, 1244, 157.207, 0
PixelHit 1041, 1246, 260.139, 0
PixelHit 1041, 1250, 204.287, 0
PixelHit 1042, 1246, 69.5579, 0
PixelHit 1042, 1247, 52.3062, 0
PixelHit 1043, 1248, 123.489, 0
PixelHit 1044, 1247, 96.9605, 0
PixelHit 1045, 1244, 146.52, 0
PixelHit 1045, 1245, 238.787, 0
PixelHit 1045, 1246, 114.566, 0
PixelHit 1045, 1249, 67.9814, 0
PixelHit 1046, 1244, 106.255, 0
PixelHit 1046, 1245, 51.77, 0
PixelHit 1046, 1248, 133.2, 0
PixelHit 1047, 1245, 50.4696, 0
PixelHit 1047, 1246, 98.3352, 0
PixelHit 1047, 1247, 209.395, 0
PixelHit 1047, 1249, 53.0413, 0
PixelHit 1048, 1243, 141.045, 0
PixelHit 1048, 1244, 72.2518, 0
PixelHit 1048, 1245, 82.6346, 0
PixelHit 1048, 1247, 194.237, 0
PixelHit 1049, 1244, 68.5354, 0
PixelHit 1049, 1246, 220.026, 0
PixelHit 1049, 1247, 142.04, 0
PixelHit 1049, 1249, 155.283, 0
PixelHit 1050, 1245, 98.1122, 0
PixelHit 1050, 1247, 216.299, 0
PixelHit 1050, 1248, 132.568, 0
PixelHit 1051, 1246, 63.4091, 0
PixelHit 1052, 1245, 286.914, 0
PixelHit 1052, 1246, 268.653, 0
PixelHit 1052, 1247, 170.877, 0
PixelHit 1052, 1248, 197.404, 0
PixelHit 1053, 1245, 268.633, 0
PixelHit 1053, 1246, 64.9612, 0
PixelHit 1053, 1247, 66.7259, 0
PixelHit 1053, 1250, 159.955, 0
PixelHit 1054, 1247, 136.792, 0
PixelHit 1054, 1248, 124.848, 0
PixelHit 1055, 1244, 93.5272, 0
PixelHit 1055, 1245, 229.91, 0
PixelHit 1055, 1246, 71.789, 0
PixelHit 1055, 1247, 122.886, 0
PixelHit 1055, 1248, 225.62, 0
PixelHit 1056, 1245, 78.1016, 0
PixelHit 1056, 1248, 65.8427, 0
PixelHit 1057, 1244, 105.532, 0
PixelHit 1057, 1246, 110.82, 0
PixelHit 1057, 1247, 178.254, 0
PixelHit 1057, 1248, 78.5035, 0
PixelHit 1057, 1249, 62.0712, 0
PixelHit 1058, 1244, 66.1154, 0
PixelHit 1058, 1245, 180.199, 0
PixelHit 1059, 1246, 166.162, 0
PixelHit 1059, 1249, 177.546, 0
PixelHit 1061, 1249, 103.289, 0
PixelHit 1062, 1245, 99.5181, 0
PixelHit 1062, 1249, 71.8362, 0
PixelHit 1063, 1244, 69.5659, 0
PixelHit 1063, 1245, 84.7137, 0
PixelHit 1063, 1246, 205.926, 0
PixelHit 1063, 1247, 64.4307, 0
PixelHit 1064, 1242, 156.127, 0
PixelHit 1064, 1246, 104.373, 0
PixelHit 1064, 1248, 130.867, 0
PixelHit 1066, 1247, 124.688, 0
PixelHit 1067, 1246, 143.032, 0
PixelHit 1067, 1248, 310.876, 0
PixelHit 1067, 1249, 109.73, 0
PixelHit 1068, 1244, 54.3257, 0
PixelHit 1069, 1248, 130.401, 0
PixelHit 1070, 1246, 161.669, 0
=== 9 ===
=== 10 ===
=== 11 ===
=== 12 ===
=== 13 ===
=== 14 ===
=== 15 ===
=== 16 ===
=== 17 ===
=== 18 ===
=== 19 ===
=== 20 ===
=== 21 ===
=== 22 ===
=== 23 ===
=== 24 ===
--- mydetector ---
PixelHit 2435, 1593, 73.5843, 0
PixelHit 2436, 1593, 266.93, 0
PixelHit 2436, 1594, 157.496, 0
PixelHit 2437, 1593, 56.6923, 0
PixelHit 2439, 1593, 80.3914, 0
PixelHit 2440, 1594, 88.7464, 0
PixelHit 2441, 1593, 145.387, 0
PixelHit 2441, 1594, 414.352, 0
PixelHit 2442, 1593, 1039.55, 0
PixelHit 2442, 1594, 292.633, 0
PixelHit 2443, 1594, 173.218, 0
PixelHit 2444, 1593, 94.581, 0
PixelHit 2444, 1594, 299.487, 0
PixelHit 2445, 1593, 107.151, 0
PixelHit 2445, 1594, 221.637, 0
PixelHit 2447, 1593, 270.072, 0
PixelHit 2447, 1594, 333.496, 0
PixelHit 2448, 1592, 61.9071, 0
PixelHit 2448, 1593, 1208.7, 0
PixelHit 2448, 1594, 319.975, 0
PixelHit 2449, 1593, 125.36, 0
PixelHit 2449, 1594, 312.488, 0
PixelHit 2450, 1594, 113.735, 0
PixelHit 2451, 1594, 152.834, 0
PixelHit 2452, 1594, 181.356, 0
PixelHit 2453, 1593, 59.0066, 0
PixelHit 2454, 1594, 52.5238, 0
PixelHit 2457, 1593, 109.679, 0
PixelHit 2457, 1594, 124.353, 0
PixelHit 2458, 1594, 221.534, 0
PixelHit 2459, 1593, 140.079, 0
PixelHit 2460, 1594, 53.4118, 0
PixelHit 2461, 1594, 137.581, 0
PixelHit 2462, 1594, 122.789, 0
PixelHit 2463, 1593, 279.151, 0
PixelHit 2463, 1594, 122.911, 0
PixelHit 2464, 1593, 216.391, 0
PixelHit 2465, 1594, 146.916, 0
PixelHit 2465, 1595, 198.563, 0
PixelHit 2466, 1592, 122.147, 0
PixelHit 2466, 1594, 79.7799, 0
PixelHit 2467, 1593, 119.108, 0
PixelHit 2467, 1594, 184.457, 0
PixelHit 2468, 1593, 104.413, 0
PixelHit 2468, 1594, 104.857, 0
PixelHit 2468, 1595, 64.1613, 0
PixelHit 2469, 1593, 47.2589, 0
PixelHit 2469, 1595, 172.985, 0
PixelHit 2469, 1596, 53.6057, 0
PixelHit 2470, 1594, 292.139, 0
PixelHit 2471, 1594, 46.3826, 0
PixelHit 2471, 1595, 134.926, 0
PixelHit 2471, 1596, 108.627, 0
PixelHit 2472, 1593, 56.9136, 0
PixelHit 2472, 1594, 307.158, 0
PixelHit 2472, 1595, 120.434, 0
PixelHit 2472, 1596, 205.723, 0
PixelHit 2473, 1593, 113.737, 0
PixelHit 2473, 1594, 331.547, 0
PixelHit 2473, 1595, 252.303, 0
PixelHit 2474, 1594, 178.438, 0
PixelHit 2474, 1595, 198.702, 0
PixelHit 2475, 1595, 98.6625, 0
PixelHit 2476, 1594, 355.3, 0
PixelHit 2477, 1591, 216.404, 0
PixelHit 2480, 1594, 57.1895, 0
PixelHit 2480, 1595, 81.8416, 0
PixelHit 2481, 1594, 139.077, 0
PixelHit 2482, 1593, 221.255, 0
PixelHit 2482, 1595, 119.85, 0
PixelHit 2483, 1594, 72.8412, 0
PixelHit 2485, 1594, 81.9591, 0
PixelHit 2487, 1597, 61.1988, 0
PixelHit 2488, 1595, 127.657, 0
PixelHit 2489, 1594, 174.3, 0
PixelHit 2489, 1595, 153.337, 0
PixelHit 2490, 1592, 78.8255, 0
PixelHit 2491, 1594, 179.91, 0
PixelHit 2491, 1596, 73.2305, 0
PixelHit 2492, 1593, 47.342, 0
PixelHit 2492, 1595, 62.5479, 0
PixelHit 2494, 1595, 81.2638, 0
PixelHit 2494, 1596, 103.831, 0
PixelHit 2495, 1594, 76.0807, 0
PixelHit 2496, 1595, 101.437, 0
PixelHit 2497, 1594, 145.86, 0
PixelHit 2498, 1594, 195.223, 0
PixelHit 2498, 1595, 213.21, 0
PixelHit 2499, 1594, 186.492, 0
PixelHit 2500, 1594, 53.8848, 0
PixelHit 2500, 1595, 85.8656, 0
PixelHit 2500, 1597, 50.0585, 0
PixelHit 2501, 1594, 268.941, 0
PixelHit 2501, 1595, 109.155, 0
PixelHit 2501, 1596, 122.614, 0
PixelHit 2502, 1593, 182.238, 0
PixelHit 2502, 1595, 224.555, 0
PixelHit 2502, 1596, 207.26, 0
PixelHit 2503, 1594, 214.225, 0
PixelHit 2504, 1594, 199.438, 0
PixelHit 2505, 1594, 76.2602, 0
PixelHit 2505, 1595, 59.0766, 0
PixelHit 2506, 1594, 190.187, 0
PixelHit 2506, 1595, 76.303, 0
PixelHit 2506, 1596, 358.649, 0
PixelHit 2509, 1594, 133.622, 0
PixelHit 2510, 1598, 84.6579, 0
PixelHit 2511, 1594, 144.699, 0
PixelHit 2512, 1594, 92.9523, 0
PixelHit 2512, 1596, 111.446, 0
PixelHit 2514, 1596, 135.811, 0
PixelHit 2515, 1593, 98.5796, 0
PixelHit 2515, 1594, 153.366, 0
PixelHit 2516, 1596, 78.0363, 0
PixelHit 2517, 1596, 134.856, 0
PixelHit 2518, 1597, 140.798, 0
PixelHit 2520, 1594, 274.54, 0
PixelHit 2520, 1595, 93.0204, 0
PixelHit 2521, 1593, 202.268, 0
PixelHit 2521, 1595, 66.6711, 0
PixelHit 2521, 1596, 97.977, 0
PixelHit 2522, 1591, 175.404, 0
PixelHit 2522, 1592, 215.468, 0
PixelHit 2522, 1593, 77.8225, 0
PixelHit 2522, 1596, 88.497, 0
PixelHit 2523, 1595, 69.0823, 0
PixelHit 2524, 1595, 103.944, 0
PixelHit 2525, 1593, 88.447, 0
PixelHit 2525, 1597, 60.0993, 0
PixelHit 2527, 1594, 55.6939, 0
PixelHit 2528, 1594, 90.4236, 0
PixelHit 2528, 1596, 71.6176, 0
PixelHit 2528, 1598, 127.881, 0
PixelHit 2530, 1593, 159.277, 0
PixelHit 2530, 1595, 186.79, 0
PixelHit 2531, 1592, 327.008, 0
PixelHit 2532, 1593, 71.153, 0
PixelHit 2532, 1595, 96.9974, 0
PixelHit 2532, 1597, 101.419, 0
PixelHit 2533, 1592, 250.582, 0
PixelHit 2533, 1595, 63.8805, 0
PixelHit 2534, 1593, 71.6422, 0
PixelHit 2534, 1595, 64.7601, 0
PixelHit 2534, 1598, 185.706, 0
PixelHit 2535, 1596, 100.849, 0
PixelHit 2535, 1597, 336.729, 0
PixelHit 2536, 1593, 125.289, 0
PixelHit 2536, 1594, 137.17, 0
PixelHit 2536, 1596, 177.486, 0
PixelHit 2536, 1599, 142.81, 0
PixelHit 2536, 1600, 91.2994, 0
PixelHit 2537, 1592, 140.696, 0
PixelHit 2537, 1595, 118.088, 0
PixelHit 2538, 1592, 128.155, 0
PixelHit 2539, 1594, 64.6673, 0
PixelHit 2539, 1595, 70.5822, 0
PixelHit 2540, 1597, 112.523, 0
PixelHit 2541, 1593, 103.086, 0
PixelHit 2541, 1599, 148.664, 0
PixelHit 2542, 1593, 238.633, 0
PixelHit 2542, 1594, 98.5093, 0
PixelHit 2542, 1596, 190.436, 0
PixelHit 2543, 1593, 166.576, 0
PixelHit 2544, 1591, 211.293, 0
PixelHit 2544, 1594, 54.3319, 0
PixelHit 2544, 1595, 73.6139, 0
PixelHit 2544, 1597, 113.765, 0
PixelHit 2545, 1593, 189.437, 0
PixelHit 2545, 1599, 146.194, 0
PixelHit 2546, 1594, 88.3336, 0
PixelHit 2547, 1593, 205.188, 0
PixelHit 2547, 1594, 294.973, 0
PixelHit 2547, 1596, 134.733, 0
PixelHit 2548, 1593, 149.111, 0
PixelHit 2548, 1595, 111.957, 0
PixelHit 2548, 1597, 154.487, 0
PixelHit 2549, 1595, 189.958, 0
PixelHit 2549, 1599, 104.247, 0
=== 25 ===
=== 26 ===
=== 27 ===
=== 28 ===
=== 29 ===
=== 30 ===
=== 31 ===
=== 32 ===
=== 33 ===
--- mydetector ---
PixelHit 1395, 1684, 200.485, 0
PixelHit 1395, 1685, 483.119, 0
PixelHit 1395, 1686, 64.0877, 0
PixelHit 1396, 1684, 207.315, 0
PixelHit 1397, 1679, 957.895, 0
PixelHit 1397, 1680, 1122.87, 0
PixelHit 1397, 1684, 205.55, 0
PixelHit 1398, 1680, 740.198, 0
PixelHit 1398, 1681, 1209.03, 0
PixelHit 1398, 1682, 574.397, 0
PixelHit 1398, 1683, 250.428, 0
PixelHit 1398, 1684, 310.465, 0
PixelHit 1398, 1703, 176.006, 0
PixelHit 1398, 1704, 126.579, 0
PixelHit 1399, 1683, 264.896, 0
PixelHit 1399, 1684, 61.6521, 0
PixelHit 1399, 1685, 85.6212, 0
PixelHit 1400, 1703, 225.638, 0
PixelHit 1400, 1704, 76.7382, 0
PixelHit 1401, 1699, 137.359, 0
PixelHit 1401, 1701, 223.951, 0
PixelHit 1401, 1702, 536.406, 0
PixelHit 1401, 1703, 308.555, 0
PixelHit 1401, 1704, 80.34, 0
PixelHit 1402, 1701, 76.7543, 0
PixelHit 1402, 1702, 122.94, 0
PixelHit 1402, 1704, 92.67, 0
PixelHit 1403, 1704, 80.2434, 0
PixelHit 1404, 1703, 66.0247, 0
PixelHit 1404, 1704, 60.2399, 0
PixelHit 1405, 1703, 284.038, 0
PixelHit 1405, 1704, 153.257, 0
PixelHit 1406, 1703, 262.399, 0
PixelHit 1406, 1704, 827.264, 0
PixelHit 1407, 1703, 227.801, 0
PixelHit 1408, 1703, 168.696, 0
PixelHit 1409, 1703, 130.136, 0
PixelHit 1410, 1704, 152.901, 0
PixelHit 1411, 1704, 60.9692, 0
PixelHit 1412, 1702, 56.8609, 0
PixelHit 1412, 1703, 180.426, 0
PixelHit 1412, 1704, 271.021, 0
PixelHit 1413, 1702, 59.6318, 0
PixelHit 1413, 1703, 307.592, 0
PixelHit 1414, 1702, 71.7526, 0
PixelHit 1414, 1703, 301.656, 0
PixelHit 1415, 1703, 74.8025, 0
PixelHit 1416, 1703, 152.813, 0
PixelHit 1417, 1703, 273.373, 0
PixelHit 1418, 1702, 162.322, 0
PixelHit 1418, 1703, 76.5139, 0
PixelHit 1420, 1702, 54.9956, 0
PixelHit 1421, 1702, 170.529, 0
PixelHit 1421, 1703, 103.678, 0
PixelHit 1421, 1704, 58.355, 0
PixelHit 1422, 1701, 104.951, 0
PixelHit 1422, 1702, 158.563, 0
PixelHit 1422, 1703, 90.6147, 0
PixelHit 1423, 1702, 77.8066, 0
PixelHit 1423, 1703, 129.687, 0
PixelHit 1424, 1702, 68.0034, 0
PixelHit 1425, 1703, 126.241, 0
PixelHit 1426, 1701, 198.854, 0
PixelHit 1426, 1703, 110.724, 0
PixelHit 1427, 1703, 68.0728, 0
PixelHit 1428, 1702, 64.3701, 0
PixelHit 1429, 1702, 167.585, 0
PixelHit 1430, 1703, 154.064, 0
PixelHit 1432, 1701, 133.262, 0
PixelHit 1432, 1702, 187.838, 0
PixelHit 1432, 1703, 148.608, 0
PixelHit 1433, 1701, 90.5091, 0
PixelHit 1434, 1700, 118.317, 0
PixelHit 1434, 1701, 97.5247, 0
PixelHit 1434, 1702, 74.943, 0
PixelHit 1435, 1700, 105.853, 0
PixelHit 1436, 1703, 156.436, 0
PixelHit 1437, 1701, 115.947, 0
PixelHit 1437, 1702, 54.1625, 0
PixelHit 1437, 1703, 91.5526, 0
PixelHit 1438, 1701, 97.5867, 0
PixelHit 1438, 1702, 70.2211, 0
PixelHit 1439, 1700, 114.292, 0
PixelHit 1439, 1701, 222.302, 0
PixelHit 1439, 1703, 108.663, 0
PixelHit 1441, 1700, 139.327, 0
PixelHit 1441, 1701, 212.157, 0
PixelHit 1443, 1700, 77.8194, 0
PixelHit 1443, 1703, 122.335, 0
PixelHit 1444, 1700, 51.675, 0
PixelHit 1444, 1701, 263.653, 0
PixelHit 1444, 1702, 88.6092, 0
PixelHit 1446, 1702, 121.345, 0
PixelHit 1447, 1701, 66.0535, 0
PixelHit 1449, 1699, 302.648, 0
PixelHit 1450, 1700, 191.832, 0
PixelHit 1450, 1701, 218.342, 0
PixelHit 1450, 1702, 97.8935, 0
PixelHit 1451, 1701, 269.049, 0
PixelHit 1451, 1703, 139.805, 0
PixelHit 1452, 1700, 122.495, 0
PixelHit 1453, 1700, 183.958, 0
PixelHit 1454, 1700, 157.542, 0
PixelHit 1454, 1702, 307.265, 0
PixelHit 1455, 1698, 149.093, 0
PixelHit 1455, 1700, 275.922, 0
PixelHit 1456, 1697, 162.014, 0
PixelHit 1456, 1700, 205.68, 0
PixelHit 1456, 1701, 192.919, 0
PixelHit 1456, 1702, 102.694, 0
PixelHit 1456, 1703, 263.195, 0
PixelHit 1457, 1699, 168.115, 0
PixelHit 1457, 1702, 86.3245, 0
PixelHit 1458, 1698, 68.6753, 0
PixelHit 1458, 1700, 94.5006, 0
PixelHit 1458, 1702, 285.892, 0
PixelHit 1459, 1698, 88.6875, 0
PixelHit 1459, 1700, 226.554, 0
PixelHit 1460, 1694, 141.896, 0
PixelHit 1460, 1697, 216.307, 0
PixelHit 1460, 1698, 230.033, 0
PixelHit 1460, 1699, 396.807, 0
PixelHit 1460, 1700, 621.194, 0
PixelHit 1460, 1701, 131.71, 0
PixelHit 1461, 1698, 196.503, 0
PixelHit 1461, 1699, 107.84, 0
PixelHit 1461, 1700, 260.57, 0
PixelHit 1461, 1701, 141.381, 0
PixelHit 1461, 1702, 119.289, 0
PixelHit 1462, 1697, 266.717, 0
PixelHit 1462, 1698, 393.805, 0
PixelHit 1462, 1699, 560.655, 0
PixelHit 1462, 1700, 90.6481, 0
PixelHit 1462, 1701, 98.2153, 0
PixelHit 1462, 1702, 99.3836, 0
PixelHit 1463, 1697, 162.271, 0
PixelHit 1463, 1698, 154.653, 0
PixelHit 1463, 1699, 118.081, 0
PixelHit 1463, 1700, 172.589, 0
PixelHit 1463, 1702, 117.336, 0
PixelHit 1465, 1701, 63.0803, 0
PixelHit 1466, 1700, 90.4546, 0
PixelHit 1466, 1701, 88.1754, 0
PixelHit 1467, 1702, 132.451, 0
PixelHit 1468, 1699, 212.762, 0
PixelHit 1471, 1700, 99.1749, 0
PixelHit 1472, 1699, 91.7531, 0
PixelHit 1473, 1697, 229.951, 0
PixelHit 1473, 1699, 95.2488, 0
PixelHit 1473, 1702, 136.727, 0
PixelHit 1473, 1703, 153.08, 0
PixelHit 1474, 1700, 136.795, 0
PixelHit 1475, 1700, 216.392, 0
PixelHit 1476, 1701, 135.063, 0
PixelHit 1477, 1700, 75.544, 0
PixelHit 1478, 1698, 63.8519, 0
PixelHit 1478, 1699, 80.0909, 0
PixelHit 1480, 1700, 136.743, 0
PixelHit 1480, 1701, 139.255, 0
PixelHit 1481, 1699, 102.279, 0
PixelHit 1482, 1698, 89.9295, 0
PixelHit 1483, 1697, 73.8288, 0
PixelHit 1484, 1697, 138.383, 0
PixelHit 1485, 1696, 121.292, 0
PixelHit 1485, 1697, 139.701, 0
PixelHit 1486, 1698, 102.193, 0
PixelHit 1486, 1701, 225.207, 0
PixelHit 1487, 1698, 68.7574, 0
PixelHit 1487, 1699, 110.372, 0
PixelHit 1487, 1700, 73.4443, 0
PixelHit 1487, 1701, 139.107, 0
PixelHit 1488, 1696, 142.047, 0
PixelHit 1488, 1698, 326.106, 0
PixelHit 1488, 1701, 106.767, 0
PixelHit 1489, 1698, 135.062, 0
PixelHit 1489, 1700, 210.127, 0
PixelHit 1489, 1702, 66.5213, 0
PixelHit 1490, 1697, 60.6421, 0
PixelHit 1490, 1699, 92.8612, 0
PixelHit 1490, 1700, 217.027, 0
PixelHit 1491, 1700, 109.348, 0
PixelHit 1492, 1697, 102.06, 0
PixelHit 1492, 1700, 94.0554, 0
PixelHit 1493, 1696, 157.87, 0
PixelHit 1493, 1697, 67.4942, 0
PixelHit 1493, 1699, 87.7668, 0
PixelHit 1493, 1700, 51.6972, 0
PixelHit 1495, 1699, 135.831, 0
PixelHit 1495, 1703, 107.382, 0
PixelHit 1497, 1698, 99.4723, 0
=== 34 ===
--- mydetector ---
PixelHit 1130, 1162, 92.5965, 0
PixelHit 1131, 1162, 78.1097, 0
PixelHit 1132, 1161, 65.4307, 0
PixelHit 1132, 1162, 144.149, 0
PixelHit 1133, 1162, 75.9381, 0
PixelHit 1134, 1162, 208.788, 0
PixelHit 1135, 1161, 128.662, 0
PixelHit 1135, 1162, 187.738, 0
PixelHit 1136, 1161, 272.38, 0
PixelHit 1136, 1162, 992.005, 0
PixelHit 1136, 1163, 156.06, 0
PixelHit 1137, 1161, 648.44, 0
PixelHit 1137, 1162, 1090.22, 0
PixelHit 1137, 1163, 391.58, 0
PixelHit 1139, 1161, 135.542, 0
PixelHit 1140, 1162, 127.114, 0
PixelHit 1141, 1162, 141.119, 0
PixelHit 1142, 1161, 182.582, 0
PixelHit 1143, 1161, 113.84, 0
PixelHit 1144, 1161, 181.986, 0
PixelHit 1145, 1160, 62.557, 0
PixelHit 1145, 1161, 341.916, 0
PixelHit 1145, 1162, 229.108, 0
PixelHit 1146, 1160, 216.543, 0
PixelHit 1146, 1161, 108.852, 0
PixelHit 1147, 1161, 113.4, 0
PixelHit 1149, 1161, 75.2075, 0
PixelHit 1150, 1161, 113.775, 0
PixelHit 1151, 1160, 243.745, 0
PixelHit 1151, 1161, 116.801, 0
PixelHit 1152, 1160, 167.594, 0
PixelHit 1152, 1161, 301.906, 0
PixelHit 1152, 1162, 109.592, 0
PixelHit 1153, 1160, 130.427, 0
PixelHit 1153, 1161, 158.208, 0
PixelHit 1155, 1160, 88.094, 0
PixelHit 1155, 1161, 91.7072, 0
PixelHit 1157, 1160, 164.152, 0
PixelHit 1159, 1161, 207.888, 0
PixelHit 1159, 1162, 364.695, 0
PixelHit 1160, 1160, 102.192, 0
PixelHit 1160, 1161, 88.0691, 0
PixelHit 1161, 1160, 145.749, 0
PixelHit 1162, 1161, 151.124, 0
PixelHit 1163, 1160, 51.4101, 0
PixelHit 1163, 1161, 147.177, 0
PixelHit 1164, 1160, 333.766, 0
PixelHit 1164, 1162, 152.356, 0
PixelHit 1165, 1159, 57.9596, 0
PixelHit 1165, 1160, 158.318, 0
PixelHit 1166, 1160, 307.996, 0
PixelHit 1166, 1161, 105.686, 0
PixelHit 1167, 1158, 101.485, 0
PixelHit 1167, 1159, 57.7647, 0
PixelHit 1167, 1160, 63.0233, 0
PixelHit 1167, 1161, 92.5702, 0
PixelHit 1168, 1160, 231.564, 0
PixelHit 1168, 1161, 78.8582, 0
PixelHit 1169, 1160, 107.909, 0
PixelHit 1170, 1159, 100.714, 0
PixelHit 1170, 1160, 105.435, 0
PixelHit 1171, 1159, 122.672, 0
PixelHit 1172, 1159, 199.173, 0
PixelHit 1173, 1159, 87.6442, 0
PixelHit 1173, 1160, 74.0209, 0
PixelHit 1174, 1161, 113.364, 0
PixelHit 1175, 1160, 78.2175, 0
PixelHit 1175, 1161, 165.135, 0
PixelHit 1177, 1160, 134.325, 0
PixelHit 1178, 1159, 113.075, 0
PixelHit 1178, 1160, 66.9585, 0
PixelHit 1179, 1161, 56.4375, 0
PixelHit 1180, 1160, 152.9, 0
PixelHit 1180, 1162, 83.584, 0
PixelHit 1181, 1158, 102.916, 0
PixelHit 1181, 1160, 234.504, 0
PixelHit 1182, 1158, 80.7033, 0
PixelHit 1184, 1159, 57.5898, 0
PixelHit 1185, 1161, 94.9072, 0
PixelHit 1186, 1159, 353.899, 0
PixelHit 1186, 1160, 216.864, 0
PixelHit 1186, 1161, 145.521, 0
PixelHit 1187, 1159, 77.1174, 0
PixelHit 1187, 1161, 197.795, 0
PixelHit 1187, 1162, 153.993, 0
PixelHit 1188, 1160, 104.683, 0
PixelHit 1188, 1161, 145.743, 0
PixelHit 1189, 1158, 104.193, 0
PixelHit 1189, 1161, 237.033, 0
PixelHit 1189, 1162, 109.461, 0
PixelHit 1190, 1157, 78.4368, 0
PixelHit 1190, 1158, 149.858, 0
PixelHit 1190, 1159, 101.596, 0
PixelHit 1190, 1160, 42.3534, 0
PixelHit 1190, 1161, 102.416, 0
PixelHit 1191, 1161, 192.504, 0
PixelHit 1192, 1157, 49.487, 0
PixelHit 1192, 1159, 280.447, 0
PixelHit 1192, 1160, 222.741, 0
PixelHit 1193, 1159, 207.719, 0
PixelHit 1194, 1157, 165.196, 0
PixelHit 1194, 1158, 147.696, 0
PixelHit 1194, 1160, 103.523, 0
PixelHit 1195, 1159, 83.987, 0
PixelHit 1196, 1159, 92.6515, 0
PixelHit 1198, 1158, 81.0543, 0
PixelHit 1198, 1160, 432.168, 0
PixelHit 1199, 1158, 154.913, 0
PixelHit 1199, 1159, 239.764, 0
PixelHit 1200, 1157, 258.547, 0
PixelHit 1200, 1158, 52.0699, 0
PixelHit 1200, 1160, 58.6938, 0
PixelHit 1201, 1159, 86.0483, 0
PixelHit 1202, 1158, 157.366, 0
PixelHit 1202, 1160, 98.4683, 0
PixelHit 1202, 1161, 64.9508, 0
PixelHit 1203, 1160, 119.331, 0
PixelHit 1204, 1159, 356.078, 0
PixelHit 1204, 1162, 49.7775, 0
PixelHit 1205, 1157, 128.271, 0
PixelHit 1205, 1158, 85.5464, 0
PixelHit 1206, 1158, 202.484, 0
PixelHit 1208, 1155, 101.621, 0
PixelHit 1208, 1160, 119.444, 0
PixelHit 1209, 1158, 102.985, 0
PixelHit 1209, 1161, 75.5673, 0
PixelHit 1209, 1162, 113.228, 0
PixelHit 1210, 1160, 77.3835, 0
PixelHit 1211, 1159, 66.6348, 0
PixelHit 1212, 1160, 69.0479, 0
PixelHit 1214, 1156, 133.723, 0
PixelHit 1215, 1159, 114.322, 0
PixelHit 1216, 1157, 115.081, 0
PixelHit 1216, 1159, 92.5683, 0
PixelHit 1217, 1157, 109.79, 0
PixelHit 1217, 1159, 99.0842, 0
PixelHit 1218, 1158, 196.218, 0
PixelHit 1218, 1159, 222.637, 0
PixelHit 1219, 1155, 113.808, 0
PixelHit 1219, 1159, 95.3283, 0
PixelHit 1220, 1156, 211.91, 0
PixelHit 1220, 1157, 171.491, 0
PixelHit 1220, 1159, 278.851, 0
PixelHit 1220, 1160, 42.4665, 0
PixelHit 1221, 1156, 141.329, 0
PixelHit 1221, 1157, 101.023, 0
PixelHit 1221, 1159, 277.28, 0
PixelHit 1221, 1161, 103.738, 0
PixelHit 1222, 1155, 94.2194, 0
PixelHit 1222, 1156, 189.025, 0
PixelHit 1222, 1158, 156.675, 0
PixelHit 1222, 1159, 87.6592, 0
PixelHit 1222, 1160, 205.047, 0
PixelHit 1223, 1157, 87.9587, 0
PixelHit 1224, 1159, 205.706, 0
PixelHit 1224, 1160, 168.051, 0
PixelHit 1225, 1158, 68.7565, 0
PixelHit 1225, 1159, 126.94, 0
PixelHit 1225, 1160, 118.541, 0
PixelHit 1226, 1156, 206.623, 0
PixelHit 1226, 1160, 135.055, 0
PixelHit 1228, 1155, 153.129, 0
PixelHit 1228, 1156, 107.057, 0
PixelHit 1228, 1159, 166.152, 0
PixelHit 1228, 1160, 115.835, 0
PixelHit 1228, 1161, 160.462, 0
PixelHit 1229, 1156, 112.266, 0
PixelHit 1229, 1159, 205.391, 0
PixelHit 1230, 1154, 70.1075, 0
PixelHit 1230, 1156, 88.4324, 0
PixelHit 1230, 1162, 111.916, 0
PixelHit 1231, 1155, 133.536, 0
PixelHit 1231, 1156, 109.815, 0
PixelHit 1231, 1157, 92.463, 0
PixelHit 1231, 1160, 128.527, 0
PixelHit 1232, 1155, 72.8531, 0
PixelHit 1232, 1160, 113.843, 0
PixelHit 1233, 1157, 50.9346, 0
PixelHit 1233, 1160, 178.736, 0
PixelHit 1233, 1161, 288.096, 0
PixelHit 1234, 1157, 91.6841, 0
PixelHit 1235, 1156, 171.243, 0
PixelHit 1235, 1157, 86.2826, 0
PixelHit 1235, 1158, 69.3276, 0
PixelHit 1236, 1156, 85.7488, 0
PixelHit 1236, 1157, 108.098, 0
PixelHit 1236, 1160, 184.515, 0
PixelHit 1237, 1156, 117.771, 0
PixelHit 1237, 1158, 103.712, 0
PixelHit 1238, 1156, 142.658, 0
PixelHit 1238, 1157, 82.3013, 0
PixelHit 1238, 1161, 155.828, 0
PixelHit 1238, 1162, 117.811, 0
PixelHit 1239, 1157, 79.2914, 0
PixelHit 1239, 1158, 69.3602, 0
PixelHit 1239, 1160, 92.3781, 0
PixelHit 1240, 1155, 80.3947, 0
PixelHit 1240, 1159, 95.8682, 0
PixelHit 1241, 1156, 241.688, 0
PixelHit 1242, 1155, 50.8153, 0
=== 35 ===
=== 36 ===
=== 37 ===
=== 38 ===
=== 39 ===
=== 40 ===
=== 41 ===
=== 42 ===
--- mydetector ---
PixelHit 1067, 1606, 66.6688, 0
PixelHit 1069, 1606, 55.9963, 0
PixelHit 1070, 1606, 275.365, 0
PixelHit 1071, 1606, 323.994, 0
PixelHit 1073, 1606, 101.784, 0
PixelHit 1074, 1606, 199.034, 0
PixelHit 1075, 1605, 57.016, 0
PixelHit 1075, 1606, 82.7072, 0
PixelHit 1077, 1606, 279.057, 0
PixelHit 1078, 1606, 493.402, 0
PixelHit 1079, 1605, 144.915, 0
PixelHit 1079, 1606, 75.0215, 0
PixelHit 1080, 1604, 137.742, 0
PixelHit 1080, 1605, 104.492, 0
PixelHit 1080, 1606, 216.792, 0
PixelHit 1081, 1605, 120.157, 0
PixelHit 1081, 1606, 66.0579, 0
PixelHit 1082, 1605, 113.884, 0
PixelHit 1083, 1606, 210.761, 0
PixelHit 1083, 1607, 148.034, 0
PixelHit 1084, 1604, 162.8, 0
PixelHit 1084, 1605, 225.83, 0
PixelHit 1085, 1604, 104.724, 0
PixelHit 1085, 1606, 235.755, 0
PixelHit 1086, 1605, 108.461, 0
PixelHit 1088, 1606, 189.631, 0
PixelHit 1089, 1605, 185.81, 0
PixelHit 1090, 1605, 76.2522, 0
PixelHit 1090, 1606, 65.0386, 0
PixelHit 1091, 1604, 79.6455, 0
PixelHit 1094, 1605, 127.971, 0
PixelHit 1095, 1605, 51.1457, 0
PixelHit 1095, 1606, 285.666, 0
PixelHit 1096, 1606, 87.0194, 0
PixelHit 1097, 1605, 160.455, 0
PixelHit 1097, 1606, 137.694, 0
PixelHit 1098, 1605, 184.83, 0
PixelHit 1098, 1606, 157.343, 0
PixelHit 1098, 1607, 250.744, 0
PixelHit 1099, 1605, 61.8507, 0
PixelHit 1099, 1606, 120.217, 0
PixelHit 1100, 1605, 128.802, 0
PixelHit 1101, 1605, 272.291, 0
PixelHit 1102, 1606, 82.3437, 0
PixelHit 1104, 1605, 126.718, 0
PixelHit 1104, 1606, 103.956, 0
PixelHit 1106, 1606, 95.1065, 0
PixelHit 1107, 1604, 146.67, 0
PixelHit 1107, 1605, 121.005, 0
PixelHit 1107, 1607, 76.7215, 0
PixelHit 1108, 1605, 72.5673, 0
PixelHit 1108, 1607, 235.61, 0
PixelHit 1109, 1605, 84.3141, 0
PixelHit 1110, 1605, 96.5753, 0
PixelHit 1110, 1606, 91.6677, 0
PixelHit 1111, 1605, 293.346, 0
PixelHit 1112, 1604, 107.551, 0
PixelHit 1112, 1605, 95.7038, 0
PixelHit 1113, 1606, 82.3769, 0
PixelHit 1114, 1605, 124.826, 0
PixelHit 1115, 1605, 201.034, 0
PixelHit 1115, 1606, 111.206, 0
PixelHit 1115, 1607, 142.836, 0
PixelHit 1116, 1605, 251.099, 0
PixelHit 1117, 1606, 68.4291, 0
PixelHit 1118, 1605, 194.904, 0
PixelHit 1118, 1606, 294.564, 0
PixelHit 1119, 1606, 56.885, 0
PixelHit 1120, 1604, 113.62, 0
PixelHit 1120, 1606, 116.169, 0
PixelHit 1121, 1604, 314.958, 0
PixelHit 1121, 1605, 140.663, 0
PixelHit 1122, 1604, 102.681, 0
PixelHit 1123, 1604, 177.949, 0
PixelHit 1123, 1607, 214.664, 0
PixelHit 1124, 1604, 63.6763, 0
PixelHit 1126, 1603, 143.095, 0
PixelHit 1126, 1605, 199.111, 0
PixelHit 1127, 1604, 123.669, 0
PixelHit 1127, 1605, 92.0483, 0
PixelHit 1127, 1606, 200.748, 0
PixelHit 1128, 1602, 157.249, 0
PixelHit 1128, 1605, 93.6648, 0
PixelHit 1129, 1603, 223.83, 0
PixelHit 1129, 1604, 177.513, 0
PixelHit 1130, 1606, 84.2092, 0
PixelHit 1131, 1602, 111.494, 0
PixelHit 1131, 1605, 346.747, 0
PixelHit 1131, 1607, 94.844, 0
PixelHit 1132, 1603, 240.467, 0
PixelHit 1132, 1604, 50.6861, 0
PixelHit 1134, 1603, 131.776, 0
PixelHit 1135, 1606, 222.319, 0
PixelHit 1136, 1605, 232.819, 0
PixelHit 1137, 1603, 157.421, 0
PixelHit 1137, 1605, 264.489, 0
PixelHit 1140, 1604, 116.925, 0
PixelHit 1140, 1605, 124.739, 0
PixelHit 1141, 1603, 57.5605, 0
PixelHit 1141, 1604, 67.9158, 0
PixelHit 1142, 1604, 230.336, 0
PixelHit 1142, 1607, 52.9756, 0
PixelHit 1143, 1601, 110.572, 0
PixelHit 1144, 1604, 183.258, 0
PixelHit 1145, 1603, 123.697, 0
PixelHit 1145, 1604, 125.267, 0
PixelHit 1145, 1605, 91.6996, 0
PixelHit 1146, 1603, 48.1863, 0
PixelHit 1146, 1605, 60.6067, 0
PixelHit 1146, 1606, 46.2844, 0
PixelHit 1148, 1604, 112.909, 0
PixelHit 1148, 1606, 226.816, 0
PixelHit 1150, 1602, 58.4256, 0
PixelHit 1150, 1603, 200.96, 0
PixelHit 1152, 1605, 85.7389, 0
PixelHit 1152, 1607, 293.453, 0
PixelHit 1153, 1604, 64.9765, 0
PixelHit 1153, 1605, 165.295, 0
PixelHit 1154, 1602, 75.4149, 0
PixelHit 1154, 1604, 96.4783, 0
PixelHit 1154, 1607, 137.696, 0
PixelHit 1155, 1601, 152.136, 0
PixelHit 1155, 1602, 97.6365, 0
PixelHit 1156, 1601, 147.116, 0
PixelHit 1156, 1605, 83.5138, 0
PixelHit 1157, 1604, 109.174, 0
PixelHit 1157, 1605, 155.986, 0
PixelHit 1157, 1606, 193.099, 0
PixelHit 1158, 1604, 191.464, 0
PixelHit 1158, 1605, 150.358, 0
PixelHit 1159, 1601, 106.403, 0
PixelHit 1159, 1604, 132.047, 0
PixelHit 1160, 1603, 77.4682, 0
PixelHit 1160, 1604, 315.481, 0
PixelHit 1160, 1605, 69.6226, 0
PixelHit 1161, 1604, 243.45, 0
PixelHit 1161, 1606, 250.44, 0
PixelHit 1162, 1600, 142.136, 0
PixelHit 1162, 1601, 67.1666, 0
PixelHit 1162, 1602, 254.114, 0
PixelHit 1162, 1603, 83.9583, 0
PixelHit 1162, 1605, 174.334, 0
PixelHit 1163, 1604, 219.646, 0
PixelHit 1163, 1605, 107.622, 0
PixelHit 1163, 1606, 86.6399, 0
PixelHit 1164, 1601, 51.8308, 0
PixelHit 1164, 1604, 247.387, 0
PixelHit 1164, 1605, 93.5059, 0
PixelHit 1165, 1601, 85.7201, 0
PixelHit 1165, 1602, 277.665, 0
PixelHit 1165, 1603, 119.434, 0
PixelHit 1165, 1605, 160.7, 0
PixelHit 1165, 1606, 127.761, 0
PixelHit 1166, 1604, 84.2879, 0
PixelHit 1167, 1605, 395.51, 0
PixelHit 1168, 1601, 119.213, 0
PixelHit 1168, 1602, 98.9637, 0
PixelHit 1169, 1603, 68.0705, 0
PixelHit 1169, 1605, 87.4526, 0
PixelHit 1170, 1603, 103.61, 0
PixelHit 1170, 1604, 84.9664, 0
PixelHit 1171, 1600, 147.128, 0
PixelHit 1172, 1602, 63.7103, 0
PixelHit 1172, 1605, 145.946, 0
PixelHit 1173, 1606, 72.9827, 0
PixelHit 1174, 1606, 127.906, 0
=== 43 ===
=== 44 ===
=== 45 ===
=== 46 ===
=== 47 ===
=== 48 ===
=== 49 ===
--- mydetector ---
PixelHit 964, 1875, 114.438, 0
PixelHit 966, 1875, 52.3854, 0
PixelHit 967, 1874, 224.401, 0
PixelHit 967, 1875, 146.918, 0
PixelHit 968, 1874, 112.218, 0
PixelHit 970, 1874, 159.532, 0
PixelHit 970, 1875, 262.321, 0
PixelHit 971, 1874, 141.883, 0
PixelHit 971, 1875, 55.4254, 0
PixelHit 972, 1874, 645.989, 0
PixelHit 973, 1874, 105.377, 0
PixelHit 974, 1874, 162.372, 0
PixelHit 975, 1873, 79.0942, 0
PixelHit 975, 1874, 218.252, 0
PixelHit 975, 1875, 115.304, 0
PixelHit 976, 1873, 74.1503, 0
PixelHit 976, 1874, 559.555, 0
PixelHit 977, 1873, 117.33, 0
PixelHit 977, 1874, 89.1582, 0
PixelHit 978, 1874, 174.184, 0
PixelHit 979, 1873, 107.019, 0
PixelHit 979, 1874, 97.7381, 0
PixelHit 981, 1873, 264.043, 0
PixelHit 981, 1874, 112.256, 0
PixelHit 982, 1873, 228.409, 0
PixelHit 983, 1873, 198.446, 0
PixelHit 984, 1872, 64.3794, 0
PixelHit 984, 1873, 94.4272, 0
PixelHit 984, 1874, 260.134, 0
PixelHit 984, 1875, 224.181, 0
PixelHit 985, 1873, 140.651, 0
PixelHit 986, 1871, 89.6736, 0
PixelHit 986, 1873, 232.136, 0
PixelHit 987, 1871, 154.428, 0
PixelHit 987, 1872, 54.9032, 0
PixelHit 987, 1873, 131.941, 0
PixelHit 988, 1872, 261.063, 0
PixelHit 988, 1873, 67.1152, 0
PixelHit 989, 1872, 53.9405, 0
PixelHit 989, 1873, 172.969, 0
PixelHit 989, 1874, 108.469, 0
PixelHit 990, 1871, 146.293, 0
PixelHit 990, 1872, 198.842, 0
PixelHit 990, 1874, 279.852, 0
PixelHit 992, 1871, 243.519, 0
PixelHit 993, 1871, 58.2285, 0
PixelHit 993, 1872, 106.513, 0
PixelHit 994, 1871, 170.143, 0
PixelHit 994, 1873, 200.24, 0
PixelHit 995, 1870, 203.889, 0
PixelHit 995, 1873, 124.146, 0
PixelHit 996, 1871, 77.1856, 0
PixelHit 997, 1871, 169.137, 0
PixelHit 997, 1873, 113.634, 0
PixelHit 998, 1873, 215.018, 0
PixelHit 999, 1871, 166.434, 0
PixelHit 999, 1872, 94.4017, 0
PixelHit 1002, 1871, 67.1127, 0
PixelHit 1003, 1871, 98.8516, 0
PixelHit 1003, 1872, 108.542, 0
PixelHit 1004, 1870, 82.7528, 0
PixelHit 1004, 1872, 181.09, 0
PixelHit 1004, 1873, 61.0763, 0
PixelHit 1005, 1870, 302.401, 0
PixelHit 1006, 1870, 136.48, 0
PixelHit 1006, 1872, 87.7598, 0
PixelHit 1008, 1871, 68.8636, 0
PixelHit 1011, 1870, 71.6871, 0
PixelHit 1011, 1871, 97.541, 0
PixelHit 1012, 1868, 131.998, 0
PixelHit 1012, 1870, 147.716, 0
PixelHit 1012, 1871, 129.016, 0
PixelHit 1012, 1872, 172.818, 0
PixelHit 1013, 1869, 118.076, 0
PixelHit 1013, 1871, 147.596, 0
PixelHit 1014, 1869, 135.275, 0
PixelHit 1014, 1870, 91.0787, 0
PixelHit 1014, 1871, 235.955, 0
PixelHit 1014, 1872, 129.163, 0
PixelHit 1015, 1869, 99.6182, 0
PixelHit 1015, 1870, 161.381, 0
PixelHit 1015, 1872, 191.932, 0
PixelHit 1017, 1870, 220.352, 0
PixelHit 1018, 1869, 315.228, 0
PixelHit 1019, 1868, 160.252, 0
PixelHit 1019, 1869, 84.3315, 0
PixelHit 1019, 1870, 98.1653, 0
PixelHit 1020, 1869, 194.868, 0
PixelHit 1020, 1870, 119.337, 0
PixelHit 1021, 1868, 71.3139, 0
PixelHit 1021, 1869, 60.3187, 0
PixelHit 1021, 1870, 274.433, 0
PixelHit 1021, 1871, 112.875, 0
PixelHit 1022, 1868, 194.577, 0
PixelHit 1022, 1870, 54.3249, 0
PixelHit 1023, 1869, 98.9226, 0
PixelHit 1023, 1870, 152.846, 0
PixelHit 1023, 1871, 58.8667, 0
PixelHit 1024, 1868, 131.685, 0
PixelHit 1024, 1869, 171.327, 0
PixelHit 1024, 1871, 225.67, 0
PixelHit 1025, 1868, 315.48, 0
PixelHit 1025, 1869, 247.367, 0
PixelHit 1025, 1870, 84.2028, 0
PixelHit 1026, 1868, 135.471, 0
PixelHit 1026, 1870, 124.763, 0
PixelHit 1027, 1869, 88.3942, 0
PixelHit 1028, 1870, 352.993, 0
PixelHit 1028, 1871, 159.901, 0
PixelHit 1030, 1871, 139.149, 0
PixelHit 1032, 1869, 190.68, 0
PixelHit 1032, 1870, 167.245, 0
PixelHit 1032, 1871, 144.783, 0
PixelHit 1033, 1866, 172.818, 0
PixelHit 1033, 1867, 50.988, 0
PixelHit 1033, 1869, 73.816, 0
PixelHit 1033, 1870, 92.258, 0
PixelHit 1033, 1872, 88.2114, 0
PixelHit 1034, 1869, 97.7494, 0
PixelHit 1034, 1870, 193.651, 0
PixelHit 1034, 1872, 102.919, 0
PixelHit 1034, 1873, 87.2327, 0
PixelHit 1035, 1867, 150.581, 0
PixelHit 1035, 1870, 67.5722, 0
PixelHit 1036, 1866, 67.3793, 0
PixelHit 1036, 1867, 165.135, 0
PixelHit 1036, 1868, 106.317, 0
PixelHit 1036, 1869, 333.641, 0
PixelHit 1037, 1866, 142.163, 0
PixelHit 1037, 1867, 79.9118, 0
PixelHit 1037, 1868, 57.1092, 0
PixelHit 1038, 1867, 106.999, 0
PixelHit 1038, 1868, 57.1428, 0
PixelHit 1041, 1868, 110.894, 0
PixelHit 1041, 1869, 74.8552, 0
PixelHit 1042, 1866, 335.699, 0
PixelHit 1043, 1867, 90.6879, 0
PixelHit 1043, 1868, 106.488, 0
PixelHit 1044, 1868, 197.776, 0
PixelHit 1045, 1870, 125.68, 0
PixelHit 1046, 1866, 159.257, 0
PixelHit 1046, 1868, 133.74, 0
PixelHit 1047, 1868, 68.3816, 0
PixelHit 1048, 1871, 81.7835, 0
PixelHit 1049, 1865, 120.353, 0
PixelHit 1049, 1866, 172.552, 0
PixelHit 1050, 1865, 146.36, 0
PixelHit 1050, 1867, 112.015, 0
PixelHit 1051, 1866, 89.415, 0
PixelHit 1051, 1867, 95.5664, 0
PixelHit 1051, 1868, 69.6394, 0
PixelHit 1051, 1870, 39.5599, 0
PixelHit 1053, 1869, 119.212, 0
PixelHit 1054, 1866, 97.8903, 0
PixelHit 1054, 1868, 88.9917, 0
PixelHit 1055, 1864, 91.7244, 0
PixelHit 1055, 1870, 104.081, 0
PixelHit 1057, 1864, 83.3053, 0
PixelHit 1057, 1865, 202.832, 0
PixelHit 1058, 1866, 357.674, 0
PixelHit 1059, 1866, 96.1784, 0
PixelHit 1060, 1865, 146.242, 0
PixelHit 1061, 1864, 56.8634, 0
=== 50 ===
=== 51 ===
=== 52 ===
=== 53 ===
--- mydetector ---
PixelHit 960, 1726, 193.339, 0
PixelHit 961, 1726, 158.599, 0
PixelHit 962, 1726, 89.8373, 0
PixelHit 963, 1726, 89.746, 0
PixelHit 964, 1726, 220.317, 0
PixelHit 969, 1725, 486.081, 0
PixelHit 971, 1726, 117.252, 0
PixelHit 972, 1724, 130.804, 0
PixelHit 972, 1725, 110.05, 0
PixelHit 975, 1725, 118.234, 0
PixelHit 976, 1724, 106.11, 0
PixelHit 976, 1725, 113.498, 0
PixelHit 977, 1724, 212.627, 0
PixelHit 977, 1725, 210.095, 0
PixelHit 978, 1724, 95.6928, 0
PixelHit 978, 1725, 230.28, 0
PixelHit 979, 1723, 96.9149, 0
PixelHit 980, 1724, 76.8022, 0
PixelHit 982, 1723, 127.52, 0
PixelHit 982, 1725, 78.9406, 0
PixelHit 982, 1726, 109.83, 0
PixelHit 983, 1724, 154.42, 0
PixelHit 984, 1724, 379.874, 0
PixelHit 985, 1724, 75.6214, 0
PixelHit 985, 1725, 159.71, 0
PixelHit 986, 1725, 61.6133, 0
PixelHit 989, 1724, 60.4456, 0
PixelHit 990, 1724, 174.178, 0
PixelHit 990, 1725, 111.354, 0
PixelHit 991, 1723, 66.4317, 0
PixelHit 991, 1724, 51.9452, 0
PixelHit 992, 1723, 55.0695, 0
PixelHit 993, 1723, 65.1288, 0
PixelHit 993, 1724, 48.943, 0
PixelHit 994, 1725, 107.22, 0
PixelHit 995, 1724, 110.472, 0
PixelHit 996, 1724, 158.366, 0
PixelHit 997, 1721, 165.226, 0
PixelHit 997, 1723, 98.0276, 0
PixelHit 997, 1724, 215.494, 0
PixelHit 997, 1725, 51.4639, 0
PixelHit 998, 1722, 77.5867, 0
PixelHit 998, 1723, 199.949, 0
PixelHit 999, 1722, 126.752, 0
PixelHit 999, 1724, 150.033, 0
PixelHit 1000, 1723, 190.375, 0
PixelHit 1000, 1724, 76.3254, 0
PixelHit 1001, 1722, 97.4615, 0
PixelHit 1001, 1723, 169.432, 0
PixelHit 1001, 1724, 77.3013, 0
PixelHit 1002, 1724, 182.793, 0
PixelHit 1003, 1725, 182.151, 0
PixelHit 1004, 1723, 122.045, 0
PixelHit 1006, 1722, 184.157, 0
PixelHit 1006, 1723, 83.1497, 0
PixelHit 1006, 1724, 148.565, 0
PixelHit 1007, 1723, 211.842, 0
PixelHit 1012, 1723, 107.632, 0
PixelHit 1013, 1722, 195.756, 0
PixelHit 1013, 1724, 182.264, 0
PixelHit 1014, 1721, 101.937, 0
PixelHit 1014, 1722, 148.932, 0
PixelHit 1014, 1723, 92.2504, 0
PixelHit 1014, 1724, 118.663, 0
PixelHit 1015, 1723, 144.58, 0
PixelHit 1016, 1720, 41.5651, 0
PixelHit 1016, 1722, 281.044, 0
PixelHit 1017, 1723, 78.6699, 0
PixelHit 1018, 1722, 183.47, 0
PixelHit 1019, 1721, 119.847, 0
PixelHit 1019, 1722, 54.3453, 0
PixelHit 1019, 1724, 162.277, 0
PixelHit 1020, 1720, 56.8744, 0
PixelHit 1020, 1722, 115.896, 0
PixelHit 1020, 1724, 64.289, 0
PixelHit 1020, 1725, 169.633, 0
PixelHit 1021, 1721, 268.123, 0
PixelHit 1021, 1722, 144.532, 0
PixelHit 1021, 1723, 130.66, 0
PixelHit 1021, 1724, 132.323, 0
PixelHit 1022, 1721, 140.753, 0
PixelHit 1024, 1720, 55.0319, 0
PixelHit 1025, 1720, 94.5366, 0
PixelHit 1026, 1720, 63.2353, 0
PixelHit 1027, 1720, 93.8354, 0
PixelHit 1028, 1720, 60.6267, 0
PixelHit 1028, 1722, 147.785, 0
PixelHit 1029, 1719, 198.481, 0
PixelHit 1029, 1722, 92.0273, 0
PixelHit 1029, 1723, 86.1437, 0
PixelHit 1030, 1720, 152.89, 0
PixelHit 1030, 1723, 141.137, 0
PixelHit 1031, 1722, 111.03, 0
PixelHit 1032, 1721, 96.12, 0
PixelHit 1032, 1722, 133.863, 0
PixelHit 1032, 1723, 148.697, 0
PixelHit 1033, 1719, 90.0092, 0
PixelHit 1033, 1720, 165.806, 0
PixelHit 1033, 1722, 114.467, 0
PixelHit 1034, 1718, 97.0588, 0
PixelHit 1034, 1719, 114.364, 0
PixelHit 1034, 1721, 186.107, 0
PixelHit 1035, 1720, 201.458, 0
PixelHit 1035, 1721, 57.439, 0
PixelHit 1035, 1722, 244.881, 0
PixelHit 1036, 1720, 324.582, 0
PixelHit 1036, 1721, 52.4631, 0
PixelHit 1036, 1722, 77.5911, 0
PixelHit 1036, 1724, 87.8739, 0
PixelHit 1037, 1721, 134.013, 0
PixelHit 1038, 1721, 73.0673, 0
PixelHit 1038, 1722, 137.749, 0
PixelHit 1039, 1720, 200.091, 0
PixelHit 1039, 1721, 93.6837, 0
PixelHit 1039, 1722, 184.57, 0
PixelHit 1040, 1720, 73.0562, 0
PixelHit 1041, 1719, 256.522, 0
PixelHit 1041, 1720, 272.396, 0
PixelHit 1041, 1722, 150.432, 0
PixelHit 1042, 1718, 91.9706, 0
PixelHit 1042, 1720, 104.657, 0
PixelHit 1043, 1723, 192.334, 0
PixelHit 1044, 1717, 136.376, 0
PixelHit 1044, 1719, 219.199, 0
PixelHit 1045, 1721, 152.906, 0
PixelHit 1046, 1719, 100.106, 0
PixelHit 1046, 1720, 280.794, 0
PixelHit 1047, 1721, 101.486, 0
PixelHit 1049, 1719, 86.1784, 0
PixelHit 1049, 1720, 133.18, 0
PixelHit 1050, 1718, 72.7997, 0
PixelHit 1050, 1720, 53.6763, 0
PixelHit 1051, 1718, 267.371, 0
PixelHit 1052, 1721, 213.409, 0
PixelHit 1052, 1722, 271.557, 0
PixelHit 1053, 1721, 146.079, 0
PixelHit 1054, 1717, 198.167, 0
PixelHit 1054, 1718, 57.787, 0
PixelHit 1054, 1721, 70.5258, 0
PixelHit 1054, 1722, 62.9616, 0
PixelHit 1055, 1719, 211.357, 0
PixelHit 1055, 1724, 51.8535, 0
PixelHit 1056, 1721, 222.089, 0
PixelHit 1057, 1718, 86.9896, 0
PixelHit 1058, 1721, 55.9007, 0
PixelHit 1059, 1718, 102.782, 0
PixelHit 1059, 1722, 135.514, 0
PixelHit 1060, 1718, 105.801, 0
PixelHit 1061, 1716, 91.2866, 0
PixelHit 1061, 1718, 125.393, 0
PixelHit 1062, 1718, 119.003, 0
PixelHit 1062, 1719, 120.825, 0
PixelHit 1062, 1720, 158.99, 0
PixelHit 1062, 1723, 59.7367, 0
PixelHit 1063, 1719, 158.647, 0
PixelHit 1063, 1720, 161.168, 0
PixelHit 1063, 1721, 126.075, 0
PixelHit 1065, 1718, 193.015, 0
PixelHit 1065, 1720, 148.88, 0
PixelHit 1066, 1717, 118.831, 0
PixelHit 1066, 1720, 55.7342, 0
PixelHit 1067, 1716, 189.67, 0
PixelHit 1067, 1718, 81.0328, 0
PixelHit 1067, 1720, 109.194, 0
PixelHit 1068, 1718, 62.3965, 0
PixelHit 1069, 1717, 103.003, 0
PixelHit 1069, 1719, 102.008, 0
PixelHit 1069, 1723, 163.214, 0
PixelHit 1070, 1717, 178.28, 0
PixelHit 1070, 1719, 269.358, 0
PixelHit 1071, 1719, 150.732, 0
PixelHit 1071, 1720, 216.461, 0
PixelHit 1073, 1716, 191.101, 0
PixelHit 1073, 1718, 73.5449, 0
PixelHit 1074, 1720, 64.142, 0
PixelHit 1075, 1717, 179.226, 0
PixelHit 1076, 1716, 172.379, 0
PixelHit 1077, 1715, 76.5619, 0
PixelHit 1077, 1718, 117.492, 0
PixelHit 1080, 1715, 145.77, 0
=== 54 ===
=== 55 ===
=== 56 ===
=== 57 ===
=== 58 ===
=== 59 ===
=== 60 ===
=== 61 ===
=== 62 ===
=== 63 ===
=== 64 ===
=== 65 ===
=== 66 ===
=== 67 ===
=== 68 ===
=== 69 ===
=== 70 ===
=== 71 ===
--- mydetector ---
PixelHit 205, 424, 289.686, 0
PixelHit 206, 424, 541.386, 0
PixelHit 207, 424, 183.022, 0
PixelHit 209, 423, 143.982, 0
PixelHit 209, 424, 828.06, 0
PixelHit 210, 424, 627.987, 0
PixelHit 210, 425, 242.546, 0
PixelHit 211, 424, 180.756, 0
PixelHit 214, 425, 142.704, 0
PixelHit 215, 425, 70.2144, 0
PixelHit 216, 424, 429.977, 0
PixelHit 216, 425, 707.529, 0
PixelHit 216, 426, 153.213, 0
PixelHit 217, 424, 135.208, 0
PixelHit 217, 425, 301.514, 0
PixelHit 218, 423, 124.05, 0
PixelHit 218, 425, 58.166, 0
PixelHit 219, 424, 158.915, 0
PixelHit 219, 425, 218.582, 0
PixelHit 219, 426, 113.156, 0
PixelHit 220, 424, 353.851, 0
PixelHit 220, 425, 319.315, 0
PixelHit 220, 426, 141.035, 0
PixelHit 221, 424, 105.438, 0
PixelHit 221, 425, 170.283, 0
PixelHit 223, 423, 194.562, 0
PixelHit 223, 424, 116.494, 0
PixelHit 223, 425, 177.176, 0
PixelHit 224, 424, 268.108, 0
PixelHit 224, 425, 175.137, 0
PixelHit 225, 424, 53.4632, 0
PixelHit 226, 425, 344.85, 0
PixelHit 227, 424, 149.696, 0
PixelHit 227, 425, 68.6224, 0
PixelHit 229, 424, 82.7994, 0
PixelHit 229, 425, 143.202, 0
PixelHit 230, 424, 60.0862, 0
PixelHit 230, 426, 94.7379, 0
PixelHit 231, 425, 158.326, 0
PixelHit 233, 425, 75.4716, 0
PixelHit 234, 425, 75.1325, 0
PixelHit 236, 426, 206.012, 0
PixelHit 237, 424, 106.562, 0
PixelHit 237, 425, 182.334, 0
PixelHit 238, 426, 58.638, 0
PixelHit 238, 427, 143.435, 0
PixelHit 240, 425, 182.837, 0
PixelHit 241, 425, 100.737, 0
PixelHit 242, 427, 153.272, 0
PixelHit 243, 425, 186.64, 0
PixelHit 245, 426, 105.699, 0
PixelHit 245, 427, 256.155, 0
PixelHit 246, 426, 260.947, 0
PixelHit 247, 424, 170.759, 0
PixelHit 247, 425, 186.577, 0
PixelHit 247, 427, 365.432, 0
PixelHit 249, 425, 77.7597, 0
PixelHit 249, 426, 108.229, 0
PixelHit 250, 425, 342.188, 0
PixelHit 250, 426, 74.9199, 0
PixelHit 252, 425, 138.295, 0
PixelHit 252, 426, 181.725, 0
PixelHit 253, 426, 131.742, 0
PixelHit 254, 426, 120.158, 0
PixelHit 255, 425, 240.199, 0
PixelHit 255, 427, 87.1622, 0
PixelHit 256, 425, 169.189, 0
PixelHit 258, 424, 115.339, 0
PixelHit 258, 425, 71.126, 0
PixelHit 258, 428, 113.326, 0
PixelHit 259, 426, 205.707, 0
PixelHit 260, 427, 112.226, 0
PixelHit 261, 426, 211.078, 0
PixelHit 262, 426, 158.886, 0
PixelHit 262, 427, 95.7558, 0
PixelHit 263, 424, 89.1168, 0
PixelHit 263, 427, 259.937, 0
PixelHit 264, 427, 144.313, 0
PixelHit 266, 425, 72.2477, 0
PixelHit 266, 426, 268.049, 0
PixelHit 266, 427, 157.875, 0
PixelHit 267, 424, 91.2078, 0
PixelHit 267, 426, 161.359, 0
PixelHit 267, 428, 114.076, 0
PixelHit 268, 426, 162.1, 0
PixelHit 268, 427, 122.825, 0
PixelHit 269, 427, 64.17, 0
PixelHit 269, 428, 102.198, 0
PixelHit 270, 426, 233.158, 0
PixelHit 270, 427, 164.817, 0
PixelHit 270, 429, 94.4541, 0
PixelHit 271, 428, 146.527, 0
PixelHit 272, 426, 136.064, 0
PixelHit 272, 427, 112.885, 0
PixelHit 273, 426, 103.511, 0
PixelHit 274, 427, 215.105, 0
PixelHit 274, 428, 59.9484, 0
PixelHit 275, 426, 112.438, 0
PixelHit 276, 423, 106.221, 0
PixelHit 276, 427, 82.4849, 0
PixelHit 276, 429, 131.219, 0
PixelHit 278, 425, 163.52, 0
PixelHit 278, 426, 147.963, 0
PixelHit 278, 427, 162.546, 0
PixelHit 279, 425, 76.3593, 0
PixelHit 279, 427, 113.021, 0
PixelHit 280, 427, 69.4291, 0
PixelHit 280, 428, 392.489, 0
PixelHit 281, 425, 350.464, 0
PixelHit 281, 427, 124.201, 0
PixelHit 281, 428, 73.224, 0
PixelHit 282, 426, 67.3398, 0
PixelHit 282, 427, 193.394, 0
PixelHit 284, 428, 72.4088, 0
PixelHit 285, 427, 87.6031, 0
PixelHit 285, 428, 257.047, 0
PixelHit 286, 427, 293.877, 0
PixelHit 286, 430, 66.5837, 0
PixelHit 287, 426, 99.8666, 0
PixelHit 287, 427, 89.3396, 0
PixelHit 287, 429, 154.299, 0
PixelHit 288, 426, 124.187, 0
PixelHit 288, 428, 198.628, 0
PixelHit 289, 428, 183.503, 0
PixelHit 289, 429, 100.222, 0
PixelHit 290, 425, 195.263, 0
PixelHit 291, 427, 64.6285, 0
PixelHit 292, 427, 218.774, 0
PixelHit 292, 428, 203.841, 0
PixelHit 293, 428, 334.144, 0
PixelHit 294, 428, 95.8324, 0
PixelHit 294, 429, 207.725, 0
PixelHit 295, 427, 103.151, 0
PixelHit 296, 424, 60.8656, 0
PixelHit 296, 425, 115.367, 0
PixelHit 296, 426, 109.445, 0
PixelHit 296, 427, 294.407, 0
PixelHit 296, 428, 81.373, 0
PixelHit 297, 426, 62.6219, 0
PixelHit 297, 429, 178.834, 0
PixelHit 297, 430, 177.301, 0
PixelHit 298, 424, 71.7738, 0
PixelHit 299, 427, 70.0349, 0
PixelHit 299, 428, 78.9524, 0
PixelHit 300, 422, 101.554, 0
PixelHit 300, 428, 70.9847, 0
PixelHit 300, 432, 155.16, 0
PixelHit 301, 425, 132.772, 0
PixelHit 302, 425, 227.603, 0
PixelHit 302, 427, 87.4823, 0
PixelHit 303, 426, 230.762, 0
PixelHit 303, 427, 119.089, 0
PixelHit 303, 428, 81.3692, 0
PixelHit 304, 427, 141.2, 0
PixelHit 304, 428, 115.421, 0
PixelHit 305, 428, 75.3626, 0
PixelHit 306, 429, 115.45, 0
PixelHit 307, 428, 148.504, 0
PixelHit 307, 430, 149.293, 0
PixelHit 308, 424, 193.566, 0
PixelHit 308, 426, 226.622, 0
PixelHit 309, 424, 84.6179, 0
PixelHit 309, 426, 68.7318, 0
PixelHit 309, 429, 92.7375, 0
PixelHit 310, 421, 177.19, 0
PixelHit 310, 423, 428.672, 0
PixelHit 310, 424, 52.1929, 0
PixelHit 310, 425, 79.6475, 0
PixelHit 310, 426, 223.768, 0
PixelHit 310, 430, 145.207, 0
PixelHit 311, 420, 149.623, 0
PixelHit 311, 422, 129.394, 0
PixelHit 311, 424, 206.539, 0
PixelHit 311, 425, 64.9231, 0
PixelHit 311, 427, 175.648, 0
PixelHit 311, 430, 131.502, 0
PixelHit 311, 431, 63.1002, 0
PixelHit 312, 423, 390.882, 0
PixelHit 312, 427, 136.905, 0
PixelHit 312, 428, 205.152, 0
PixelHit 312, 429, 87.7244, 0
PixelHit 313, 420, 88.7464, 0
PixelHit 313, 421, 126.31, 0
PixelHit 313, 422, 423.739, 0
PixelHit 313, 423, 194.23, 0
PixelHit 313, 424, 118.499, 0
PixelHit 313, 426, 48.9673, 0
PixelHit 313, 430, 171.981, 0
PixelHit 314, 421, 83.4131, 0
PixelHit 314, 424, 91.7201, 0
PixelHit 314, 426, 218.661, 0
PixelHit 314, 428, 202.256, 0
PixelHit 315, 420, 68.6799, 0
PixelHit 315, 421, 108.422, 0
PixelHit 315, 422, 131.474, 0
PixelHit 315, 423, 298.564, 0
PixelHit 315, 424, 84.2028, 0
PixelHit 315, 427, 111.068, 0
PixelHit 315, 428, 112.915, 0
PixelHit 315, 430, 217.986, 0
PixelHit 315, 431, 114.812, 0
PixelHit 315, 432, 104.441, 0
PixelHit 316, 421, 57.1339, 0
PixelHit 316, 424, 137.612, 0
PixelHit 316, 425, 128.02, 0
PixelHit 316, 427, 98.0994, 0
PixelHit 317, 420, 159.442, 0
PixelHit 317, 425, 132.273, 0
PixelHit 317, 426, 163.161, 0
PixelHit 317, 427, 111.239, 0
PixelHit 317, 428, 145.01, 0
PixelHit 318, 423, 119.081, 0
PixelHit 318, 425, 144.051, 0
PixelHit 318, 427, 285.753, 0
PixelHit 318, 429, 354.612, 0
PixelHit 320, 426, 59.9365, 0
=== 72 ===
--- mydetector ---
PixelHit 196, 419, 98.4704, 0
PixelHit 198, 419, 45.938, 0
PixelHit 199, 419, 234.783, 0
PixelHit 199, 420, 213.824, 0
PixelHit 200, 419, 156.561, 0
PixelHit 200, 420, 61.9977, 0
PixelHit 201, 420, 68.3704, 0
PixelHit 202, 421, 100.64, 0
PixelHit 204, 419, 155.994, 0
PixelHit 204, 420, 115.008, 0
PixelHit 205, 420, 168.709, 0
PixelHit 206, 419, 167.223, 0
PixelHit 206, 420, 93.1858, 0
PixelHit 207, 419, 390.754, 0
PixelHit 207, 420, 373.442, 0
PixelHit 207, 421, 141.089, 0
PixelHit 208, 419, 66.5401, 0
PixelHit 211, 420, 49.839, 0
PixelHit 211, 421, 63.662, 0
PixelHit 212, 419, 73.8438, 0
PixelHit 213, 419, 102.973, 0
PixelHit 213, 420, 102.342, 0
PixelHit 213, 421, 54.3746, 0
PixelHit 214, 419, 131.356, 0
PixelHit 214, 420, 253.079, 0
PixelHit 214, 421, 58.4608, 0
PixelHit 215, 420, 316.292, 0
PixelHit 216, 419, 78.7576, 0
PixelHit 217, 421, 178.801, 0
PixelHit 218, 421, 165.155, 0
PixelHit 219, 419, 118.36, 0
PixelHit 219, 420, 152.215, 0
PixelHit 220, 419, 315.751, 0
PixelHit 220, 420, 98.6691, 0
PixelHit 220, 421, 58.4728, 0
PixelHit 221, 418, 120.49, 0
PixelHit 221, 419, 288.583, 0
PixelHit 221, 420, 285.718, 0
PixelHit 221, 421, 89.6523, 0
PixelHit 221, 422, 97.0105, 0
PixelHit 222, 418, 108.135, 0
PixelHit 222, 419, 731.089, 0
PixelHit 222, 420, 1095.4, 0
PixelHit 223, 419, 582.289, 0
PixelHit 223, 420, 292.868, 0
PixelHit 225, 419, 61.0253, 0
PixelHit 226, 421, 143.252, 0
PixelHit 228, 420, 137.19, 0
PixelHit 229, 420, 90.2322, 0
PixelHit 229, 421, 61.0929, 0
PixelHit 231, 419, 131.302, 0
PixelHit 231, 420, 100.874, 0
PixelHit 231, 421, 88.0909, 0
PixelHit 232, 420, 142.99, 0
PixelHit 232, 421, 93.6776, 0
PixelHit 233, 419, 136.586, 0
PixelHit 233, 420, 149.628, 0
PixelHit 233, 421, 281.611, 0
PixelHit 234, 419, 84.6334, 0
PixelHit 234, 420, 119.691, 0
PixelHit 235, 420, 76.3664, 0
PixelHit 236, 419, 57.5311, 0
PixelHit 236, 420, 181.39, 0
PixelHit 236, 422, 105.169, 0
PixelHit 237, 417, 132.533, 0
PixelHit 237, 419, 88.5026, 0
PixelHit 237, 421, 167.059, 0
PixelHit 238, 419, 176.143, 0
PixelHit 238, 420, 57.7979, 0
PixelHit 238, 421, 84.7135, 0
PixelHit 239, 420, 200.318, 0
PixelHit 240, 419, 207.043, 0
PixelHit 240, 420, 140.183, 0
PixelHit 241, 418, 108.67, 0
PixelHit 241, 423, 97.9643, 0
PixelHit 242, 419, 148.861, 0
PixelHit 242, 421, 255.645, 0
PixelHit 244, 419, 140.245, 0
PixelHit 245, 419, 90.8132, 0
PixelHit 246, 418, 127.417, 0
PixelHit 248, 421, 212.051, 0
PixelHit 249, 421, 248.836, 0
PixelHit 252, 418, 83.0301, 0
PixelHit 252, 420, 172.276, 0
PixelHit 253, 421, 201.132, 0
PixelHit 254, 419, 105.554, 0
PixelHit 254, 420, 397.381, 0
PixelHit 257, 420, 57.2552, 0
PixelHit 258, 419, 147.312, 0
PixelHit 258, 421, 172.577, 0
PixelHit 258, 422, 217.82, 0
PixelHit 259, 418, 163.932, 0
PixelHit 259, 420, 70.565, 0
PixelHit 259, 421, 58.6352, 0
PixelHit 260, 418, 99.7304, 0
PixelHit 260, 419, 95.4504, 0
PixelHit 260, 420, 130.557, 0
PixelHit 260, 423, 271.145, 0
PixelHit 261, 418, 87.7758, 0
PixelHit 261, 419, 99.8331, 0
PixelHit 261, 421, 130.148, 0
PixelHit 261, 422, 129.049, 0
PixelHit 262, 419, 218.354, 0
PixelHit 262, 422, 235.735, 0
PixelHit 262, 423, 118.577, 0
PixelHit 263, 419, 277.485, 0
PixelHit 264, 419, 84.9315, 0
PixelHit 264, 423, 50.5185, 0
PixelHit 265, 420, 220.444, 0
PixelHit 265, 421, 104.394, 0
PixelHit 265, 422, 69.2881, 0
PixelHit 265, 423, 222.056, 0
PixelHit 266, 420, 207.549, 0
PixelHit 266, 421, 47.0872, 0
PixelHit 266, 422, 99.4323, 0
PixelHit 267, 418, 146.112, 0
PixelHit 268, 419, 101.699, 0
PixelHit 268, 421, 176.983, 0
PixelHit 268, 423, 235.773, 0
PixelHit 269, 420, 219.999, 0
PixelHit 270, 419, 146.226, 0
PixelHit 270, 420, 230.377, 0
PixelHit 270, 421, 358.343, 0
PixelHit 271, 420, 92.6699, 0
PixelHit 271, 421, 62.0863, 0
PixelHit 275, 421, 173.673, 0
PixelHit 275, 422, 116.047, 0
PixelHit 276, 419, 271.894, 0
PixelHit 276, 420, 169.451, 0
PixelHit 276, 421, 62.0906, 0
PixelHit 277, 419, 53.6109, 0
PixelHit 277, 420, 59.4896, 0
PixelHit 277, 421, 91.843, 0
PixelHit 277, 423, 69.9035, 0
PixelHit 278, 419, 141.189, 0
PixelHit 278, 420, 94.4648, 0
PixelHit 278, 421, 502.186, 0
PixelHit 278, 423, 175.315, 0
PixelHit 279, 418, 110.11, 0
PixelHit 279, 422, 107.541, 0
PixelHit 280, 419, 83.1164, 0
PixelHit 281, 420, 128.62, 0
PixelHit 282, 418, 136.803, 0
PixelHit 283, 421, 249.458, 0
PixelHit 283, 422, 274.794, 0
PixelHit 284, 416, 103.51, 0
PixelHit 284, 418, 54.0142, 0
PixelHit 284, 419, 103.636, 0
PixelHit 284, 422, 96.249, 0
PixelHit 285, 420, 162.868, 0
PixelHit 285, 422, 131.73, 0
PixelHit 285, 423, 53.8914, 0
PixelHit 285, 424, 263.502, 0
PixelHit 286, 420, 158.748, 0
PixelHit 286, 427, 100.827, 0
PixelHit 287, 417, 48.7918, 0
PixelHit 287, 420, 67.4141, 0
PixelHit 287, 421, 133.75, 0
PixelHit 287, 422, 68.7023, 0
PixelHit 287, 423, 152.258, 0
PixelHit 287, 425, 250.52, 0
PixelHit 288, 418, 118.205, 0
PixelHit 288, 422, 79.8771, 0
PixelHit 288, 423, 60.3181, 0
PixelHit 289, 418, 214.19, 0
PixelHit 289, 419, 81.059, 0
PixelHit 289, 422, 81.4081, 0
PixelHit 290, 417, 65.2578, 0
PixelHit 290, 418, 134.197, 0
PixelHit 290, 419, 208.471, 0
PixelHit 290, 421, 56.7772, 0
PixelHit 291, 422, 86.3369, 0
PixelHit 291, 423, 92.588, 0
PixelHit 292, 418, 144.084, 0
PixelHit 292, 419, 71.4508, 0
PixelHit 292, 420, 58.5954, 0
PixelHit 293, 418, 212.79, 0
PixelHit 293, 419, 170.351, 0
PixelHit 293, 420, 99.1585, 0
PixelHit 293, 422, 226.94, 0
PixelHit 294, 418, 145.767, 0
PixelHit 294, 419, 104.235, 0
PixelHit 294, 420, 127.233, 0
PixelHit 294, 421, 278.727, 0
PixelHit 294, 422, 96.2521, 0
PixelHit 295, 420, 183.454, 0
PixelHit 295, 421, 306.71, 0
PixelHit 295, 422, 241.009, 0
PixelHit 295, 423, 190.832, 0
PixelHit 296, 418, 161.548, 0
PixelHit 296, 419, 99.3768, 0
PixelHit 296, 420, 105.765, 0
PixelHit 296, 421, 295.106, 0
PixelHit 296, 422, 149.349, 0
PixelHit 296, 423, 152.425, 0
PixelHit 296, 424, 194.668, 0
PixelHit 297, 417, 213.365, 0
PixelHit 297, 419, 82.2022, 0
PixelHit 297, 420, 166.404, 0
PixelHit 297, 421, 310.599, 0
PixelHit 297, 422, 249.17, 0
PixelHit 297, 423, 207.148, 0
PixelHit 297, 424, 297.855, 0
PixelHit 297, 425, 150.972, 0
PixelHit 298, 420, 102.102, 0
PixelHit 298, 421, 321.25, 0
PixelHit 298, 422, 255.352, 0
PixelHit 298, 423, 112.442, 0
PixelHit 299, 418, 111.879, 0
PixelHit 299, 419, 71.4103, 0
PixelHit 299, 420, 83.9116, 0
PixelHit 299, 422, 86.7467, 0
PixelHit 299, 423, 88.944, 0
PixelHit 299, 424, 200.229, 0
PixelHit 300, 420, 155.51, 0
PixelHit 301, 419, 57.8325, 0
PixelHit 301, 420, 223.257, 0
PixelHit 302, 420, 233.25, 0
PixelHit 302, 421, 92.7186, 0
PixelHit 303, 421, 151.565, 0
PixelHit 303, 422, 102.971, 0
PixelHit 304, 422, 64.0313, 0
PixelHit 304, 424, 58.0538, 0
PixelHit 306, 420, 64.5467, 0
PixelHit 306, 423, 75.3936, 0
PixelHit 307, 421, 199.054, 0
PixelHit 307, 423, 68.7161, 0
=== 73 ===
=== 74 ===
=== 75 ===
--- mydetector ---
PixelHit 1803, 497, 255.048, 0
PixelHit 1803, 498, 277.823, 0
PixelHit 1804, 498, 552.065, 0
PixelHit 1804, 499, 240.079, 0
PixelHit 1805, 499, 112.246, 0
PixelHit 1807, 498, 117.574, 0
PixelHit 1808, 498, 185.293, 0
PixelHit 1808, 499, 92.7993, 0
PixelHit 1810, 499, 265.472, 0
PixelHit 1811, 498, 315.208, 0
PixelHit 1811, 499, 168.559, 0
PixelHit 1811, 500, 64.3677, 0
PixelHit 1812, 498, 95.923, 0
PixelHit 1814, 498, 94.1358, 0
PixelHit 1814, 499, 82.7753, 0
PixelHit 1815, 499, 253.344, 0
PixelHit 1816, 500, 68.9308, 0
PixelHit 1817, 499, 195.702, 0
PixelHit 1818, 499, 162.633, 0
PixelHit 1822, 499, 150.187, 0
PixelHit 1823, 499, 120.812, 0
PixelHit 1825, 500, 92.9675, 0
PixelHit 1826, 500, 83.5838, 0
PixelHit 1827, 499, 159.579, 0
PixelHit 1827, 500, 185.903, 0
PixelHit 1828, 498, 50.2092, 0
PixelHit 1828, 499, 450.322, 0
PixelHit 1828, 500, 203.091, 0
PixelHit 1829, 498, 114.587, 0
PixelHit 1829, 499, 69.5922, 0
PixelHit 1829, 500, 172.886, 0
PixelHit 1830, 499, 178.469, 0
PixelHit 1831, 499, 130.401, 0
PixelHit 1832, 498, 274.853, 0
PixelHit 1832, 499, 180.859, 0
PixelHit 1832, 500, 200.328, 0
PixelHit 1834, 499, 208.153, 0
PixelHit 1834, 500, 134.091, 0
PixelHit 1834, 501, 151.985, 0
PixelHit 1835, 499, 119.708, 0
PixelHit 1835, 500, 191.788, 0
PixelHit 1836, 498, 171.292, 0
PixelHit 1836, 500, 104.476, 0
PixelHit 1837, 499, 116.834, 0
PixelHit 1837, 500, 147.103, 0
PixelHit 1837, 501, 211.014, 0
PixelHit 1837, 502, 132.112, 0
PixelHit 1838, 500, 136, 0
PixelHit 1840, 500, 121.337, 0
PixelHit 1841, 500, 79.549, 0
PixelHit 1842, 499, 116.235, 0
PixelHit 1842, 501, 86.7638, 0
PixelHit 1842, 503, 142.27, 0
PixelHit 1843, 500, 251.985, 0
PixelHit 1843, 501, 96.2907, 0
PixelHit 1843, 502, 83.2041, 0
PixelHit 1844, 499, 87.9098, 0
PixelHit 1844, 500, 251.887, 0
PixelHit 1844, 501, 244.043, 0
PixelHit 1845, 500, 140.775, 0
PixelHit 1845, 502, 53.2682, 0
PixelHit 1845, 503, 77.0833, 0
PixelHit 1846, 500, 314.536, 0
PixelHit 1847, 499, 162.813, 0
PixelHit 1847, 501, 188.303, 0
PixelHit 1848, 500, 120.204, 0
PixelHit 1848, 501, 65.1966, 0
PixelHit 1848, 502, 67.3983, 0
PixelHit 1849, 501, 79.0028, 0
PixelHit 1849, 502, 61.7636, 0
PixelHit 1850, 502, 204.372, 0
PixelHit 1851, 499, 259.608, 0
PixelHit 1851, 501, 142.032, 0
PixelHit 1852, 499, 55.0844, 0
PixelHit 1852, 500, 180.012, 0
PixelHit 1853, 501, 85.1862, 0
PixelHit 1854, 499, 93.7039, 0
PixelHit 1854, 500, 295.486, 0
PixelHit 1854, 502, 72.0772, 0
PixelHit 1855, 499, 146.727, 0
PixelHit 1855, 500, 145.114, 0
PixelHit 1855, 501, 263.295, 0
PixelHit 1855, 502, 128.525, 0
PixelHit 1855, 503, 186.472, 0
PixelHit 1856, 499, 203.99, 0
PixelHit 1856, 500, 59.7194, 0
PixelHit 1856, 502, 148.001, 0
PixelHit 1857, 500, 54.8852, 0
PixelHit 1857, 503, 134.775, 0
PixelHit 1858, 500, 327.326, 0
PixelHit 1858, 502, 272.893, 0
PixelHit 1858, 503, 63.5366, 0
PixelHit 1859, 500, 136.371, 0
PixelHit 1859, 501, 56.7027, 0
PixelHit 1859, 502, 202.59, 0
PixelHit 1860, 501, 239.164, 0
PixelHit 1860, 502, 252.055, 0
PixelHit 1861, 500, 125.717, 0
PixelHit 1861, 503, 131.366, 0
PixelHit 1861, 504, 102.301, 0
PixelHit 1862, 500, 95.1505, 0
PixelHit 1862, 501, 213.21, 0
PixelHit 1863, 500, 111.25, 0
PixelHit 1863, 502, 123.948, 0
PixelHit 1864, 500, 129.138, 0
PixelHit 1864, 503, 165.063, 0
PixelHit 1865, 501, 74.1948, 0
PixelHit 1865, 502, 242.847, 0
PixelHit 1865, 503, 116.256, 0
PixelHit 1866, 501, 92.2414, 0
PixelHit 1866, 502, 311.275, 0
PixelHit 1866, 504, 167.87, 0
PixelHit 1867, 500, 84.4897, 0
PixelHit 1867, 502, 261.942, 0
PixelHit 1867, 504, 168.864, 0
PixelHit 1868, 500, 106.486, 0
PixelHit 1868, 502, 54.0218, 0
PixelHit 1868, 504, 48.2348, 0
PixelHit 1869, 502, 126.075, 0
PixelHit 1870, 501, 87.3146, 0
PixelHit 1870, 502, 154.832, 0
PixelHit 1870, 503, 53.0304, 0
PixelHit 1871, 503, 199.544, 0
PixelHit 1872, 504, 58.9681, 0
PixelHit 1873, 504, 133.559, 0
PixelHit 1874, 502, 56.2, 0
PixelHit 1874, 504, 176.433, 0
PixelHit 1875, 502, 133.593, 0
PixelHit 1876, 502, 63.4153, 0
PixelHit 1876, 503, 48.8189, 0
PixelHit 1877, 501, 294.671, 0
PixelHit 1877, 503, 146.877, 0
PixelHit 1878, 502, 291.719, 0
PixelHit 1878, 503, 190.53, 0
PixelHit 1878, 504, 178.418, 0
PixelHit 1878, 505, 94.0293, 0
PixelHit 1879, 503, 91.1367, 0
PixelHit 1879, 504, 205.623, 0
PixelHit 1879, 505, 107.684, 0
PixelHit 1880, 502, 142.211, 0
PixelHit 1880, 503, 295.17, 0
PixelHit 1881, 505, 81.0725, 0
PixelHit 1882, 500, 305.74, 0
PixelHit 1882, 501, 60.0942, 0
PixelHit 1883, 502, 61.1903, 0
PixelHit 1883, 504, 128.393, 0
PixelHit 1884, 505, 164.69, 0
PixelHit 1886, 502, 113.136, 0
PixelHit 1887, 501, 180.764, 0
PixelHit 1888, 502, 86.7925, 0
PixelHit 1889, 504, 108.334, 0
PixelHit 1890, 501, 234.797, 0
PixelHit 1891, 503, 126.333, 0
PixelHit 1891, 504, 126.009, 0
PixelHit 1892, 504, 103.203, 0
PixelHit 1893, 502, 242.314, 0
PixelHit 1894, 500, 83.1368, 0
PixelHit 1895, 502, 174.541, 0
PixelHit 1895, 505, 255.8, 0
PixelHit 1897, 504, 42.7934, 0
PixelHit 1900, 504, 248.392, 0
PixelHit 1900, 506, 263.589, 0
PixelHit 1901, 500, 71.5096, 0
PixelHit 1901, 504, 95.6406, 0
PixelHit 1901, 505, 111.188, 0
PixelHit 1902, 504, 205.367, 0
PixelHit 1903, 503, 168.498, 0
=== 76 ===
=== 77 ===
=== 78 ===
=== 79 ===
=== 80 ===
=== 81 ===
=== 82 ===
=== 83 ===
=== 84 ===
=== 85 ===
=== 86 ===
=== 87 ===
=== 88 ===
=== 89 ===
=== 90 ===
=== 91 ===
=== 92 ===
=== 93 ===
=== 94 ===
=== 95 ===
=== 96 ===
=== 97 ===
=== 98 ===
=== 99 ===
=== 100 ===
--- mydetector ---
PixelHit 618, 259, 258.409, 0
PixelHit 620, 259, 186.041, 0
PixelHit 621, 259, 154.401, 0
PixelHit 622, 259, 144.936, 0
PixelHit 622, 260, 53.5429, 0
PixelHit 623, 259, 147.949, 0
PixelHit 624, 260, 114.562, 0
PixelHit 627, 259, 111.91, 0
PixelHit 627, 260, 169.478, 0
PixelHit 630, 259, 74.7286, 0
PixelHit 630, 260, 65.321, 0
PixelHit 631, 258, 96.0927, 0
PixelHit 632, 259, 129.793, 0
PixelHit 633, 259, 235.747, 0
PixelHit 633, 260, 101.533, 0
PixelHit 634, 259, 215.274, 0
PixelHit 634, 260, 208.343, 0
PixelHit 634, 261, 184.369, 0
PixelHit 636, 260, 127.163, 0
PixelHit 637, 259, 203.189, 0
PixelHit 637, 260, 101.892, 0
PixelHit 639, 260, 98.0382, 0
PixelHit 640, 261, 165.777, 0
PixelHit 641, 259, 150.309, 0
PixelHit 642, 261, 137.388, 0
PixelHit 644, 261, 164.911, 0
PixelHit 645, 258, 133.714, 0
PixelHit 646, 258, 49.2168, 0
PixelHit 648, 258, 129.566, 0
PixelHit 648, 261, 62.2622, 0
PixelHit 649, 260, 62.2821, 0
PixelHit 649, 262, 49.2534, 0
PixelHit 650, 260, 67.4697, 0
PixelHit 651, 260, 309.563, 0
PixelHit 651, 261, 70.2385, 0
PixelHit 651, 262, 224.178, 0
PixelHit 652, 260, 77.4011, 0
PixelHit 652, 261, 285.324, 0
PixelHit 653, 259, 228.553, 0
PixelHit 653, 260, 72.9501, 0
PixelHit 654, 261, 354.909, 0
PixelHit 655, 261, 129.532, 0
PixelHit 656, 259, 217.407, 0
PixelHit 656, 261, 163.588, 0
PixelHit 656, 262, 76.7107, 0
PixelHit 657, 259, 113.736, 0
PixelHit 657, 260, 186.486, 0
PixelHit 657, 261, 314.758, 0
PixelHit 657, 262, 81.3774, 0
PixelHit 658, 259, 77.6657, 0
PixelHit 658, 260, 195.352, 0
PixelHit 658, 261, 305.892, 0
PixelHit 658, 262, 267.479, 0
PixelHit 659, 261, 61.6936, 0
PixelHit 660, 261, 171.88, 0
PixelHit 660, 262, 160.268, 0
PixelHit 661, 260, 328.084, 0
PixelHit 661, 261, 105.9, 0
PixelHit 662, 260, 243.18, 0
PixelHit 662, 261, 74.9968, 0
PixelHit 663, 260, 133.125, 0
PixelHit 663, 261, 178.032, 0
PixelHit 664, 261, 136.375, 0
PixelHit 666, 259, 96.4269, 0
PixelHit 666, 260, 134.188, 0
PixelHit 667, 261, 66.6692, 0
PixelHit 667, 263, 211.911, 0
PixelHit 668, 260, 257.598, 0
PixelHit 669, 258, 121.064, 0
PixelHit 670, 261, 69.5257, 0
PixelHit 670, 262, 63.4202, 0
PixelHit 671, 259, 125.08, 0
PixelHit 671, 260, 261.552, 0
PixelHit 672, 260, 190.64, 0
PixelHit 672, 261, 159.876, 0
PixelHit 672, 262, 133.512, 0
PixelHit 673, 262, 92.796, 0
PixelHit 673, 264, 82.2907, 0
PixelHit 674, 260, 75.1623, 0
PixelHit 674, 261, 247.897, 0
PixelHit 674, 262, 152.905, 0
PixelHit 675, 260, 113.87, 0
PixelHit 675, 262, 138.89, 0
PixelHit 677, 259, 96.0428, 0
PixelHit 677, 260, 228.455, 0
PixelHit 677, 262, 103.592, 0
PixelHit 678, 261, 89.5281, 0
PixelHit 678, 262, 157.491, 0
PixelHit 679, 260, 190.849, 0
PixelHit 679, 261, 55.909, 0
PixelHit 680, 259, 142.866, 0
PixelHit 680, 260, 68.8534, 0
PixelHit 680, 261, 215.191, 0
PixelHit 680, 263, 177.825, 0
PixelHit 682, 260, 129.159, 0
PixelHit 682, 263, 279.037, 0
PixelHit 683, 260, 168.067, 0
PixelHit 683, 261, 154.612, 0
PixelHit 683, 263, 157.294, 0
PixelHit 684, 259, 54.8732, 0
PixelHit 685, 260, 183.062, 0
PixelHit 685, 261, 329.739, 0
PixelHit 685, 262, 107.74, 0
PixelHit 685, 263, 175.924, 0
PixelHit 685, 264, 133.945, 0
PixelHit 686, 260, 68.7291, 0
PixelHit 686, 261, 204.766, 0
PixelHit 686, 264, 148.527, 0
PixelHit 687, 261, 198.246, 0
PixelHit 688, 261, 82.6656, 0
PixelHit 689, 260, 160.391, 0
PixelHit 689, 263, 117.222, 0
PixelHit 689, 264, 91.0475, 0
PixelHit 690, 260, 223.877, 0
PixelHit 690, 262, 90.3585, 0
PixelHit 691, 260, 86.343, 0
PixelHit 691, 262, 54.0107, 0
PixelHit 692, 264, 121.147, 0
PixelHit 694, 260, 56.2521, 0
PixelHit 695, 260, 158.304, 0
PixelHit 695, 261, 137.364, 0
PixelHit 695, 262, 58.5034, 0
PixelHit 696, 262, 162.066, 0
PixelHit 696, 263, 177.151, 0
PixelHit 696, 264, 89.292, 0
PixelHit 698, 260, 64.6519, 0
PixelHit 698, 262, 80.9141, 0
PixelHit 699, 260, 40.0308, 0
PixelHit 699, 263, 73.5628, 0
PixelHit 700, 260, 179.856, 0
PixelHit 700, 261, 103.701, 0
PixelHit 700, 263, 256.999, 0
PixelHit 702, 262, 211.989, 0
PixelHit 702, 264, 107.258, 0
PixelHit 702, 265, 130.588, 0
PixelHit 703, 261, 142.487, 0
PixelHit 703, 262, 116.276, 0
PixelHit 703, 263, 243.014, 0
PixelHit 704, 262, 57.1346, 0
PixelHit 705, 262, 280.624, 0
PixelHit 705, 263, 263.55, 0
PixelHit 705, 264, 139.116, 0
PixelHit 706, 262, 41.9074, 0
PixelHit 707, 262, 160.4, 0
PixelHit 708, 260, 87.8232, 0
PixelHit 708, 261, 128.516, 0
PixelHit 708, 262, 84.0932, 0
PixelHit 708, 264, 97.0863, 0
PixelHit 709, 267, 148.204, 0
PixelHit 710, 261, 62.7322, 0
PixelHit 710, 262, 117.982, 0
PixelHit 711, 265, 129.192, 0
PixelHit 712, 263, 81.1521, 0
PixelHit 713, 266, 142.756, 0
PixelHit 714, 261, 159.755, 0
PixelHit 714, 263, 56.9953, 0
PixelHit 715, 261, 57.9247, 0
PixelHit 715, 262, 329.459, 0
PixelHit 715, 267, 496.577, 0
PixelHit 716, 262, 239.425, 0
PixelHit 716, 265, 113.288, 0
PixelHit 717, 262, 182.233, 0
PixelHit 717, 263, 107.807, 0
PixelHit 717, 264, 160.416, 0
PixelHit 717, 266, 143.724, 0
PixelHit 718, 262, 135.975, 0
PixelHit 718, 263, 57.5363, 0
PixelHit 720, 263, 241.432, 0
PixelHit 721, 261, 94.7581, 0
PixelHit 722, 263, 279.788, 0
PixelHit 722, 264, 187.149, 0
PixelHit 722, 265, 110.872, 0
PixelHit 723, 261, 159.121, 0
PixelHit 724, 265, 267.914, 0
PixelHit 726, 261, 73.4633, 0
PixelHit 726, 264, 172.692, 0
PixelHit 727, 262, 151.229, 0
PixelHit 728, 262, 58.0726, 0
PixelHit 729, 260, 162.444, 0
PixelHit 729, 263, 61.9671, 0
PixelHit 730, 262, 59.4365, 0
PixelHit 730, 264, 131.111, 0
PixelHit 730, 265, 137.88, 0
PixelHit 731, 263, 68.232, 0
PixelHit 732, 260, 90.4674, 0
PixelHit 732, 261, 203.563, 0
PixelHit 733, 263, 141.045, 0
PixelHit 734, 260, 63.4987, 0
# 2277 objects from 12 messages
