# Allpix Squared ASCII data - https://cern.ch/allpix-squared

=== 1 ===
=== 2 ===
=== 3 ===
=== 4 ===
=== 5 ===
=== 6 ===
=== 7 ===
=== 8 ===
=== 9 ===
=== 10 ===
=== 11 ===
--- mydetector ---
PixelHit 2173, 1825, 286.597, 0
PixelHit 2173, 1826, 180.78, 0
PixelHit 2174, 1825, 150.377, 0
PixelHit 2175, 1825, 230.727, 0
PixelHit 2175, 1826, 259.756, 0
PixelHit 2176, 1825, 162.999, 0
PixelHit 2176, 1826, 127.219, 0
PixelHit 2178, 1825, 221.562, 0
PixelHit 2179, 1825, 52.6903, 0
PixelHit 2180, 1825, 232.012, 0
PixelHit 2181, 1824, 91.2272, 0
PixelHit 2181, 1825, 263.472, 0
PixelHit 2182, 1825, 146.813, 0
PixelHit 2183, 1825, 112.816, 0
PixelHit 2184, 1825, 144.989, 0
PixelHit 2186, 1824, 134.921, 0
PixelHit 2186, 1825, 378.377, 0
PixelHit 2187, 1824, 129.286, 0
PixelHit 2187, 1825, 132.261, 0
PixelHit 2188, 1824, 113.815, 0
PixelHit 2190, 1824, 189.271, 0
PixelHit 2191, 1824, 110.406, 0
PixelHit 2191, 1825, 116.687, 0
PixelHit 2192, 1824, 352.551, 0
PixelHit 2193, 1823, 247.641, 0
PixelHit 2193, 1824, 242.631, 0
PixelHit 2194, 1824, 115.331, 0
PixelHit 2195, 1824, 81.2075, 0
PixelHit 2195, 1825, 145.534, 0
PixelHit 2196, 1823, 194.788, 0
PixelHit 2196, 1824, 96.5736, 0
PixelHit 2198, 1822, 220.099, 0
PixelHit 2198, 1824, 165.545, 0
PixelHit 2199, 1824, 64.2478, 0
PixelHit 2201, 1823, 115.588, 0
PixelHit 2201, 1824, 121.759, 0
PixelHit 2203, 1822, 76.5045, 0
PixelHit 2203, 1823, 146.603, 0
PixelHit 2203, 1824, 89.1764, 0
PixelHit 2206, 1822, 164.377, 0
PixelHit 2208, 1823, 173.004, 0
PixelHit 2209, 1821, 122.838, 0
PixelHit 2209, 1822, 107.829, 0
PixelHit 2210, 1823, 108.124, 0
PixelHit 2212, 1821, 60.9562, 0
PixelHit 2212, 1822, 350.005, 0
PixelHit 2213, 1822, 123.763, 0
PixelHit 2214, 1820, 59.9371, 0
PixelHit 2214, 1822, 135.01, 0
PixelHit 2218, 1820, 182.495, 0
PixelHit 2218, 1822, 250.706, 0
PixelHit 2218, 1824, 123.42, 0
PixelHit 2219, 1821, 256.26, 0
PixelHit 2219, 1822, 189.974, 0
PixelHit 2219, 1823, 93.6058, 0
PixelHit 2220, 1821, 208.359, 0
PixelHit 2220, 1822, 104.021, 0
PixelHit 2221, 1822, 53.7429, 0
PixelHit 2221, 1823, 150.655, 0
PixelHit 2222, 1821, 79.8662, 0
PixelHit 2222, 1822, 56.1232, 0
PixelHit 2223, 1819, 106.043, 0
PixelHit 2223, 1821, 199.164, 0
PixelHit 2224, 1820, 120.843, 0
PixelHit 2224, 1821, 236.073, 0
PixelHit 2224, 1822, 59.7615, 0
PixelHit 2225, 1822, 202.76, 0
PixelHit 2226, 1819, 163.896, 0
PixelHit 2226, 1821, 193.108, 0
PixelHit 2227, 1820, 93.2868, 0
PixelHit 2227, 1821, 171.449, 0
PixelHit 2228, 1822, 246.624, 0
PixelHit 2229, 1819, 183.477, 0
PixelHit 2229, 1821, 90.3024, 0
PixelHit 2231, 1821, 86.8474, 0
PixelHit 2232, 1819, 50.8166, 0
PixelHit 2232, 1821, 120.991, 0
PixelHit 2233, 1820, 130.957, 0
PixelHit 2233, 1822, 210.677, 0
PixelHit 2234, 1821, 133.192, 0
PixelHit 2235, 1822, 226.574, 0
PixelHit 2236, 1821, 65.1063, 0
PixelHit 2236, 1823, 102.07, 0
PixelHit 2237, 1819, 71.8558, 0
PixelHit 2237, 1821, 229.556, 0
PixelHit 2239, 1818, 142.896, 0
PixelHit 2239, 1820, 88.7042, 0
PixelHit 2240, 1818, 141.029, 0
PixelHit 2240, 1820, 97.6297, 0
PixelHit 2241, 1820, 59.1438, 0
PixelHit 2242, 1815, 58.1872, 0
PixelHit 2242, 1817, 81.1391, 0
PixelHit 2243, 1817, 60.6125, 0
PixelHit 2243, 1819, 59.4206, 0
PixelHit 2243, 1820, 213.952, 0
PixelHit 2244, 1818, 150.568, 0
PixelHit 2244, 1820, 55.7913, 0
PixelHit 2245, 1820, 73.6263, 0
PixelHit 2245, 1821, 88.0455, 0
PixelHit 2246, 1817, 146.909, 0
PixelHit 2246, 1818, 209.218, 0
PixelHit 2246, 1820, 111.638, 0
PixelHit 2246, 1821, 89.8836, 0
PixelHit 2246, 1823, 51.9118, 0
PixelHit 2247, 1818, 73.6834, 0
PixelHit 2249, 1819, 126.928, 0
PixelHit 2249, 1821, 79.3768, 0
PixelHit 2250, 1816, 62.7515, 0
PixelHit 2250, 1818, 178.235, 0
PixelHit 2250, 1819, 95.7321, 0
PixelHit 2250, 1821, 102.953, 0
PixelHit 2251, 1817, 108.145, 0
PixelHit 2251, 1820, 126.762, 0
PixelHit 2252, 1816, 84.4698, 0
PixelHit 2252, 1817, 159.083, 0
PixelHit 2252, 1818, 77.2401, 0
PixelHit 2252, 1820, 97.8592, 0
PixelHit 2253, 1816, 199.856, 0
PixelHit 2253, 1819, 130.88, 0
PixelHit 2253, 1821, 73.1537, 0
PixelHit 2254, 1817, 72.5211, 0
PixelHit 2254, 1818, 61.0708, 0
PixelHit 2254, 1820, 63.7901, 0
PixelHit 2254, 1821, 159.768, 0
PixelHit 2255, 1815, 264.305, 0
PixelHit 2255, 1817, 163.574, 0
PixelHit 2255, 1818, 75.1823, 0
PixelHit 2255, 1819, 177.452, 0
PixelHit 2255, 1820, 288.724, 0
PixelHit 2255, 1821, 184.593, 0
PixelHit 2255, 1823, 46.9526, 0
PixelHit 2256, 1817, 83.9801, 0
PixelHit 2256, 1818, 291.278, 0
PixelHit 2256, 1819, 327.567, 0
PixelHit 2256, 1820, 282.841, 0
PixelHit 2256, 1821, 262.676, 0
PixelHit 2256, 1822, 447.639, 0
PixelHit 2256, 1823, 73.6031, 0
PixelHit 2256, 1824, 164.949, 0
PixelHit 2256, 1825, 126.929, 0
PixelHit 2257, 1814, 50.2475, 0
PixelHit 2257, 1816, 204.293, 0
PixelHit 2257, 1817, 134.687, 0
PixelHit 2257, 1818, 352.276, 0
PixelHit 2257, 1819, 573.854, 0
PixelHit 2257, 1820, 633.386, 0
PixelHit 2257, 1821, 412.425, 0
PixelHit 2257, 1822, 176.19, 0
PixelHit 2257, 1823, 101.811, 0
PixelHit 2257, 1825, 191.804, 0
PixelHit 2258, 1816, 101.773, 0
PixelHit 2258, 1817, 278.09, 0
PixelHit 2258, 1818, 370.226, 0
PixelHit 2258, 1819, 517.766, 0
PixelHit 2258, 1820, 268.822, 0
PixelHit 2258, 1821, 574.98, 0
PixelHit 2258, 1824, 91.0767, 0
PixelHit 2259, 1816, 150.361, 0
PixelHit 2259, 1817, 332.867, 0
PixelHit 2259, 1818, 188.888, 0
PixelHit 2259, 1819, 363.064, 0
PixelHit 2259, 1820, 216.165, 0
PixelHit 2260, 1815, 158.462, 0
PixelHit 2260, 1818, 93.6599, 0
PixelHit 2260, 1821, 70.6103, 0
PixelHit 2260, 1822, 180.284, 0
PixelHit 2260, 1825, 128.76, 0
PixelHit 2261, 1817, 146.799, 0
PixelHit 2261, 1818, 58.2826, 0
PixelHit 2262, 1814, 189.139, 0
PixelHit 2262, 1815, 132.704, 0
PixelHit 2262, 1823, 90.6554, 0
PixelHit 2263, 1815, 127.369, 0
PixelHit 2264, 1819, 108.397, 0
PixelHit 2265, 1815, 59.0394, 0
PixelHit 2265, 1817, 197.928, 0
PixelHit 2265, 1821, 169.069, 0
PixelHit 2266, 1817, 228.749, 0
PixelHit 2267, 1814, 131.282, 0
PixelHit 2267, 1816, 191.537, 0
PixelHit 2268, 1814, 154.812, 0
PixelHit 2268, 1816, 88.54, 0
PixelHit 2269, 1818, 162.072, 0
PixelHit 2270, 1814, 98.4456, 0
PixelHit 2270, 1817, 212.969, 0
PixelHit 2270, 1818, 93.6101, 0
PixelHit 2271, 1815, 94.0208, 0
PixelHit 2271, 1817, 159.261, 0
PixelHit 2271, 1818, 102.417, 0
PixelHit 2272, 1817, 229.982, 0
PixelHit 2273, 1817, 137.858, 0
PixelHit 2273, 1818, 109.427, 0
PixelHit 2274, 1817, 170.619, 0
PixelHit 2275, 1815, 241.955, 0
PixelHit 2275, 1816, 151.965, 0
PixelHit 2275, 1821, 104.492, 0
PixelHit 2276, 1816, 83.3155, 0
PixelHit 2276, 1818, 207.961, 0
PixelHit 2277, 1816, 57.971, 0
=== 12 ===
=== 13 ===
=== 14 ===
--- mydetector ---
PixelHit 415, 1059, 182.724, 0
PixelHit 417, 1060, 147.539, 0
PixelHit 418, 1060, 156.225, 0
PixelHit 419, 1059, 200.783, 0
PixelHit 420, 1059, 240.238, 0
PixelHit 421, 1059, 79.1262, 0
PixelHit 423, 1059, 106.338, 0
PixelHit 424, 1059, 222.14, 0
PixelHit 425, 1059, 178.981, 0
PixelHit 426, 1059, 105.02, 0
PixelHit 426, 1060, 291.24, 0
PixelHit 426, 1061, 58.8155, 0
PixelHit 427, 1058, 71.1393, 0
PixelHit 427, 1059, 290.662, 0
PixelHit 427, 1060, 245.733, 0
PixelHit 428, 1059, 244.482, 0
PixelHit 429, 1059, 273.599, 0
PixelHit 432, 1059, 152.38, 0
PixelHit 433, 1058, 133.52, 0
PixelHit 434, 1058, 124.273, 0
PixelHit 434, 1059, 559.361, 0
PixelHit 435, 1058, 199.493, 0
PixelHit 435, 1059, 793.692, 0
PixelHit 435, 1060, 325.986, 0
PixelHit 436, 1058, 124.273, 0
PixelHit 436, 1059, 178.142, 0
PixelHit 437, 1058, 72.5735, 0
PixelHit 437, 1059, 155.011, 0
PixelHit 437, 1060, 101.513, 0
PixelHit 438, 1059, 170.003, 0
PixelHit 439, 1059, 86.0029, 0
PixelHit 439, 1060, 291.438, 0
PixelHit 440, 1058, 204.066, 0
PixelHit 440, 1059, 49.0049, 0
PixelHit 441, 1058, 133.511, 0
PixelHit 442, 1059, 74.5378, 0
PixelHit 442, 1060, 99.6703, 0
PixelHit 443, 1058, 242, 0
PixelHit 443, 1059, 299.374, 0
PixelHit 444, 1057, 201.67, 0
PixelHit 444, 1058, 294.903, 0
PixelHit 444, 1059, 184.19, 0
PixelHit 445, 1059, 171.334, 0
PixelHit 446, 1058, 77.8444, 0
PixelHit 447, 1060, 100.141, 0
PixelHit 448, 1058, 66.8854, 0
PixelHit 448, 1059, 118.157, 0
PixelHit 448, 1060, 70.2932, 0
PixelHit 449, 1057, 75.9412, 0
PixelHit 449, 1058, 156.057, 0
PixelHit 449, 1059, 144.272, 0
PixelHit 449, 1060, 74.4729, 0
PixelHit 450, 1058, 162.206, 0
PixelHit 450, 1060, 138.591, 0
PixelHit 451, 1059, 163.39, 0
PixelHit 452, 1058, 57.4772, 0
PixelHit 452, 1059, 91.2477, 0
PixelHit 453, 1058, 53.4728, 0
PixelHit 455, 1058, 275.756, 0
PixelHit 455, 1059, 172.843, 0
PixelHit 456, 1058, 261.145, 0
PixelHit 456, 1060, 72.638, 0
PixelHit 457, 1057, 317.774, 0
PixelHit 458, 1057, 330.599, 0
PixelHit 458, 1058, 281.354, 0
PixelHit 458, 1059, 199.044, 0
PixelHit 459, 1058, 174.465, 0
PixelHit 459, 1059, 127.825, 0
PixelHit 460, 1057, 193.059, 0
PixelHit 460, 1058, 206.235, 0
PixelHit 460, 1059, 127.921, 0
PixelHit 461, 1056, 67.1226, 0
PixelHit 461, 1058, 387.764, 0
PixelHit 462, 1056, 117.635, 0
PixelHit 462, 1058, 268.847, 0
PixelHit 462, 1059, 280.035, 0
PixelHit 462, 1060, 56.4144, 0
PixelHit 463, 1057, 176.336, 0
PixelHit 463, 1059, 297.689, 0
PixelHit 464, 1057, 135.114, 0
PixelHit 464, 1058, 171.711, 0
PixelHit 464, 1059, 341.265, 0
PixelHit 465, 1057, 190.729, 0
PixelHit 465, 1058, 199.879, 0
PixelHit 466, 1057, 201.192, 0
PixelHit 467, 1057, 81.5684, 0
PixelHit 467, 1058, 81.7972, 0
PixelHit 468, 1059, 160.213, 0
PixelHit 472, 1056, 74.0373, 0
PixelHit 472, 1060, 45.5344, 0
PixelHit 473, 1058, 158.275, 0
PixelHit 474, 1057, 67.48, 0
PixelHit 476, 1058, 220.11, 0
PixelHit 477, 1057, 112.38, 0
PixelHit 477, 1058, 107.053, 0
PixelHit 478, 1057, 83.7239, 0
PixelHit 478, 1058, 148.532, 0
PixelHit 478, 1059, 78.2075, 0
PixelHit 479, 1055, 144.092, 0
PixelHit 479, 1056, 149.44, 0
PixelHit 479, 1057, 97.3161, 0
PixelHit 480, 1056, 98.2669, 0
PixelHit 480, 1057, 235.929, 0
PixelHit 480, 1058, 288.339, 0
PixelHit 481, 1055, 211.453, 0
PixelHit 481, 1056, 68.1533, 0
PixelHit 481, 1057, 214.083, 0
PixelHit 482, 1057, 321.012, 0
PixelHit 482, 1058, 61.7167, 0
PixelHit 483, 1057, 198.617, 0
PixelHit 484, 1055, 242.769, 0
PixelHit 484, 1056, 291.351, 0
PixelHit 484, 1057, 188.891, 0
PixelHit 484, 1059, 97.375, 0
PixelHit 484, 1060, 215.96, 0
PixelHit 485, 1054, 121.197, 0
PixelHit 485, 1056, 325.641, 0
PixelHit 485, 1058, 91.7422, 0
PixelHit 486, 1054, 120.716, 0
PixelHit 486, 1055, 400.411, 0
PixelHit 486, 1056, 558.41, 0
PixelHit 486, 1057, 727.131, 0
PixelHit 486, 1058, 296.943, 0
PixelHit 486, 1059, 84.2053, 0
PixelHit 487, 1054, 116.997, 0
PixelHit 487, 1055, 485.716, 0
PixelHit 487, 1056, 696.778, 0
PixelHit 487, 1057, 633.121, 0
PixelHit 487, 1058, 348.085, 0
PixelHit 487, 1059, 416.695, 0
PixelHit 488, 1055, 568.467, 0
PixelHit 488, 1056, 608.007, 0
PixelHit 488, 1057, 733.547, 0
PixelHit 488, 1058, 409.456, 0
PixelHit 488, 1059, 200.342, 0
PixelHit 489, 1055, 144.743, 0
PixelHit 489, 1056, 60.4654, 0
PixelHit 489, 1057, 478.139, 0
PixelHit 489, 1059, 52.1069, 0
PixelHit 489, 1060, 124.526, 0
PixelHit 490, 1055, 240.852, 0
PixelHit 490, 1056, 291.406, 0
PixelHit 490, 1057, 240.712, 0
PixelHit 490, 1059, 89.9626, 0
PixelHit 491, 1056, 92.3201, 0
PixelHit 492, 1056, 220.005, 0
PixelHit 492, 1058, 59.3527, 0
PixelHit 493, 1057, 192.094, 0
PixelHit 493, 1059, 119.355, 0
PixelHit 494, 1054, 106.379, 0
PixelHit 494, 1056, 237.19, 0
PixelHit 494, 1058, 61.5288, 0
PixelHit 495, 1053, 127.652, 0
PixelHit 495, 1055, 213.307, 0
PixelHit 495, 1058, 92.3885, 0
PixelHit 496, 1055, 297.499, 0
PixelHit 496, 1056, 140.851, 0
PixelHit 496, 1057, 59.6218, 0
PixelHit 497, 1054, 157.669, 0
PixelHit 497, 1056, 137.044, 0
PixelHit 497, 1057, 210.871, 0
PixelHit 497, 1058, 91.8735, 0
PixelHit 498, 1059, 201.307, 0
PixelHit 499, 1054, 47.4939, 0
PixelHit 499, 1056, 229.993, 0
PixelHit 499, 1057, 125.043, 0
PixelHit 500, 1056, 133.938, 0
PixelHit 500, 1057, 78.0984, 0
PixelHit 501, 1057, 154.689, 0
PixelHit 501, 1058, 224.165, 0
PixelHit 503, 1055, 140.953, 0
PixelHit 503, 1056, 316.611, 0
PixelHit 503, 1058, 86.5268, 0
PixelHit 503, 1059, 83.5849, 0
PixelHit 504, 1057, 166.882, 0
PixelHit 505, 1058, 111.929, 0
PixelHit 506, 1058, 53.8736, 0
PixelHit 506, 1059, 214.689, 0
PixelHit 509, 1056, 69.5488, 0
PixelHit 511, 1056, 153.805, 0
PixelHit 512, 1054, 84.3575, 0
PixelHit 512, 1055, 151.278, 0
PixelHit 513, 1055, 151.605, 0
PixelHit 513, 1056, 77.7221, 0
PixelHit 514, 1055, 360.932, 0
PixelHit 514, 1056, 188.929, 0
PixelHit 514, 1057, 125.54, 0
PixelHit 515, 1052, 62.1936, 0
PixelHit 515, 1055, 97.623, 0
PixelHit 515, 1056, 166.793, 0
PixelHit 515, 1057, 96.1381, 0
PixelHit 515, 1058, 53.5783, 0
PixelHit 516, 1056, 201.429, 0
PixelHit 516, 1058, 105.198, 0
PixelHit 516, 1059, 160.298, 0
PixelHit 517, 1052, 124.188, 0
PixelHit 517, 1056, 163.809, 0
PixelHit 517, 1057, 319.352, 0
PixelHit 517, 1058, 160.738, 0
PixelHit 518, 1055, 86.7193, 0
PixelHit 519, 1053, 192.339, 0
PixelHit 519, 1055, 211.218, 0
PixelHit 519, 1058, 58.9202, 0
PixelHit 520, 1054, 125.788, 0
PixelHit 521, 1053, 136.065, 0
PixelHit 521, 1056, 86.0135, 0
PixelHit 521, 1058, 55.1116, 0
PixelHit 521, 1059, 119.279, 0
PixelHit 522, 1055, 87.2998, 0
PixelHit 522, 1056, 316.626, 0
PixelHit 522, 1057, 143.59, 0
PixelHit 523, 1051, 78.7824, 0
PixelHit 523, 1053, 57.8204, 0
PixelHit 523, 1054, 178.33, 0
PixelHit 523, 1055, 85.1495, 0
PixelHit 523, 1057, 99.8579, 0
PixelHit 524, 1052, 53.4958, 0
PixelHit 524, 1053, 99.2812, 0
PixelHit 524, 1054, 79.4447, 0
PixelHit 524, 1055, 141.601, 0
PixelHit 524, 1056, 156.389, 0
PixelHit 524, 1057, 219.894, 0
PixelHit 525, 1052, 242.72, 0
PixelHit 525, 1053, 234.41, 0
PixelHit 525, 1054, 144.18, 0
PixelHit 525, 1055, 196.592, 0
PixelHit 525, 1056, 122.021, 0
PixelHit 525, 1057, 311.507, 0
PixelHit 526, 1053, 84.675, 0
PixelHit 526, 1054, 135.488, 0
PixelHit 526, 1055, 261.297, 0
PixelHit 526, 1056, 78.5906, 0
PixelHit 526, 1057, 313.131, 0
PixelHit 526, 1058, 99.7728, 0
PixelHit 527, 1052, 360.447, 0
PixelHit 527, 1054, 450.247, 0
PixelHit 527, 1055, 151.931, 0
PixelHit 527, 1056, 268.817, 0
PixelHit 527, 1057, 166.148, 0
PixelHit 528, 1053, 117.057, 0
PixelHit 529, 1051, 154.578, 0
PixelHit 531, 1051, 73.0067, 0
PixelHit 531, 1053, 68.5203, 0
PixelHit 531, 1057, 178.602, 0
PixelHit 532, 1052, 86.8604, 0
PixelHit 532, 1057, 97.4618, 0
PixelHit 533, 1054, 180.458, 0
PixelHit 534, 1054, 73.1589, 0
PixelHit 534, 1055, 88.1345, 0
PixelHit 534, 1056, 57.9196, 0
PixelHit 535, 1052, 103.387, 0
PixelHit 535, 1054, 125.748, 0
PixelHit 535, 1055, 71.6326, 0
PixelHit 535, 1056, 115.129, 0
PixelHit 535, 1058, 171.675, 0
PixelHit 536, 1055, 102.561, 0
PixelHit 536, 1056, 170.541, 0
PixelHit 536, 1057, 111.206, 0
PixelHit 537, 1053, 150.046, 0
PixelHit 537, 1056, 72.9516, 0
PixelHit 538, 1052, 96.9428, 0
PixelHit 538, 1055, 89.3671, 0
PixelHit 539, 1055, 133.624, 0
PixelHit 539, 1056, 193.472, 0
PixelHit 540, 1054, 176.528, 0
PixelHit 542, 1053, 210.139, 0
PixelHit 542, 1056, 77.4326, 0
PixelHit 543, 1056, 79.061, 0
=== 15 ===
--- mydetector ---
PixelHit 2288, 1096, 52.8185, 0
PixelHit 2289, 1095, 78.2486, 0
PixelHit 2289, 1096, 126.245, 0
PixelHit 2291, 1096, 209.003, 0
PixelHit 2292, 1096, 186.594, 0
PixelHit 2294, 1096, 53.405, 0
PixelHit 2295, 1095, 131.106, 0
PixelHit 2295, 1096, 114.697, 0
PixelHit 2295, 1097, 117.886, 0
PixelHit 2296, 1096, 277.706, 0
PixelHit 2297, 1095, 64.1203, 0
PixelHit 2297, 1096, 275.318, 0
PixelHit 2298, 1095, 319.334, 0
PixelHit 2298, 1096, 297.089, 0
PixelHit 2299, 1096, 50.8446, 0
PixelHit 2300, 1095, 135.952, 0
PixelHit 2300, 1096, 85.4968, 0
PixelHit 2301, 1094, 49.5897, 0
PixelHit 2302, 1095, 220.979, 0
PixelHit 2302, 1096, 248.279, 0
PixelHit 2304, 1096, 162.272, 0
PixelHit 2305, 1095, 342.88, 0
PixelHit 2307, 1096, 43.0132, 0
PixelHit 2308, 1095, 159.007, 0
PixelHit 2308, 1096, 208.675, 0
PixelHit 2309, 1094, 95.5011, 0
PixelHit 2309, 1095, 139.569, 0
PixelHit 2309, 1096, 83.5104, 0
PixelHit 2310, 1094, 242.111, 0
PixelHit 2310, 1095, 85.4545, 0
PixelHit 2310, 1096, 376.227, 0
PixelHit 2311, 1095, 178.828, 0
PixelHit 2311, 1096, 87.8404, 0
PixelHit 2312, 1094, 68.6657, 0
PixelHit 2312, 1095, 76.4407, 0
PixelHit 2313, 1094, 203.049, 0
PixelHit 2315, 1095, 149.485, 0
PixelHit 2316, 1095, 85.7243, 0
PixelHit 2317, 1094, 61.1771, 0
PixelHit 2317, 1095, 170.197, 0
PixelHit 2318, 1094, 112.987, 0
PixelHit 2318, 1095, 144.835, 0
PixelHit 2318, 1096, 84.9784, 0
PixelHit 2319, 1094, 266.169, 0
PixelHit 2320, 1094, 99.3973, 0
PixelHit 2320, 1095, 197.821, 0
PixelHit 2320, 1096, 71.8641, 0
PixelHit 2320, 1097, 72.7643, 0
PixelHit 2321, 1094, 404.076, 0
PixelHit 2322, 1092, 52.8824, 0
PixelHit 2322, 1094, 61.6253, 0
PixelHit 2322, 1096, 233.456, 0
PixelHit 2323, 1092, 102.686, 0
PixelHit 2323, 1094, 227.424, 0
PixelHit 2323, 1095, 169.11, 0
PixelHit 2324, 1096, 103.838, 0
PixelHit 2325, 1095, 162.695, 0
PixelHit 2326, 1094, 219.535, 0
PixelHit 2326, 1095, 110.134, 0
PixelHit 2327, 1094, 124.383, 0
PixelHit 2327, 1096, 93.315, 0
PixelHit 2328, 1092, 72.017, 0
PixelHit 2328, 1094, 266.368, 0
PixelHit 2328, 1095, 122.745, 0
PixelHit 2328, 1096, 101.363, 0
PixelHit 2329, 1094, 229.447, 0
PixelHit 2329, 1095, 238.901, 0
PixelHit 2330, 1093, 147.784, 0
PixelHit 2330, 1094, 393.059, 0
PixelHit 2330, 1095, 104.747, 0
PixelHit 2331, 1094, 101.758, 0
PixelHit 2331, 1095, 167.175, 0
PixelHit 2331, 1096, 132.451, 0
PixelHit 2333, 1093, 70.0541, 0
PixelHit 2334, 1093, 200.42, 0
PixelHit 2334, 1094, 204.89, 0
PixelHit 2335, 1096, 51.4692, 0
PixelHit 2335, 1097, 82.7691, 0
PixelHit 2336, 1092, 265.059, 0
PixelHit 2336, 1094, 83.0601, 0
PixelHit 2336, 1095, 83.3405, 0
PixelHit 2337, 1094, 90.0527, 0
PixelHit 2337, 1095, 131.412, 0
PixelHit 2338, 1093, 72.6583, 0
PixelHit 2338, 1094, 62.9316, 0
PixelHit 2338, 1095, 84.2664, 0
PixelHit 2339, 1093, 63.7771, 0
PixelHit 2339, 1095, 92.1686, 0
PixelHit 2339, 1096, 290.664, 0
PixelHit 2340, 1096, 131.987, 0
PixelHit 2341, 1092, 120.107, 0
PixelHit 2341, 1093, 81.3315, 0
PixelHit 2342, 1095, 160.62, 0
PixelHit 2344, 1093, 189.599, 0
PixelHit 2344, 1097, 63.3443, 0
PixelHit 2345, 1093, 61.5765, 0
PixelHit 2346, 1093, 178.075, 0
PixelHit 2346, 1094, 128.408, 0
PixelHit 2346, 1096, 210.385, 0
PixelHit 2347, 1092, 155.814, 0
PixelHit 2347, 1094, 311.811, 0
PixelHit 2347, 1096, 73.3291, 0
PixelHit 2348, 1093, 132.827, 0
PixelHit 2348, 1094, 76.1457, 0
PixelHit 2348, 1095, 101.578, 0
PixelHit 2349, 1093, 112.791, 0
PixelHit 2350, 1093, 137.75, 0
PixelHit 2350, 1094, 50.6587, 0
PixelHit 2351, 1096, 117.818, 0
PixelHit 2352, 1092, 154.569, 0
PixelHit 2352, 1093, 126.484, 0
PixelHit 2352, 1095, 106.767, 0
PixelHit 2353, 1091, 360.751, 0
PixelHit 2353, 1092, 186.748, 0
PixelHit 2353, 1095, 97.6203, 0
PixelHit 2353, 1096, 150.317, 0
PixelHit 2354, 1091, 92.778, 0
PixelHit 2354, 1092, 149.897, 0
PixelHit 2354, 1093, 180.972, 0
PixelHit 2354, 1094, 49.7499, 0
PixelHit 2354, 1095, 97.0141, 0
PixelHit 2354, 1096, 71.7072, 0
PixelHit 2354, 1097, 72.7785, 0
PixelHit 2354, 1098, 145.535, 0
PixelHit 2355, 1091, 124.788, 0
PixelHit 2355, 1092, 258.985, 0
PixelHit 2355, 1093, 503.796, 0
PixelHit 2355, 1094, 581.807, 0
PixelHit 2355, 1095, 256.947, 0
PixelHit 2356, 1091, 108.192, 0
PixelHit 2356, 1092, 50.2183, 0
PixelHit 2356, 1093, 483.915, 0
PixelHit 2356, 1094, 441.782, 0
PixelHit 2356, 1095, 229.075, 0
PixelHit 2356, 1096, 156.555, 0
PixelHit 2357, 1090, 177.806, 0
PixelHit 2357, 1092, 238.86, 0
PixelHit 2357, 1093, 76.399, 0
PixelHit 2357, 1094, 474.348, 0
PixelHit 2357, 1095, 149.29, 0
PixelHit 2357, 1096, 134.618, 0
PixelHit 2357, 1097, 82.071, 0
PixelHit 2358, 1091, 100.373, 0
PixelHit 2358, 1093, 130.868, 0
PixelHit 2358, 1095, 155.72, 0
PixelHit 2359, 1092, 130.287, 0
PixelHit 2359, 1093, 235.34, 0
PixelHit 2359, 1095, 125.047, 0
PixelHit 2360, 1092, 251.53, 0
PixelHit 2360, 1094, 132.957, 0
PixelHit 2360, 1095, 106.692, 0
PixelHit 2362, 1092, 173.037, 0
PixelHit 2362, 1094, 78.3279, 0
PixelHit 2363, 1093, 114.821, 0
PixelHit 2364, 1090, 225.135, 0
PixelHit 2364, 1093, 309.361, 0
PixelHit 2365, 1092, 54.8031, 0
PixelHit 2365, 1093, 73.7417, 0
PixelHit 2365, 1094, 64.1198, 0
PixelHit 2366, 1092, 82.8397, 0
PixelHit 2366, 1093, 76.6039, 0
PixelHit 2369, 1095, 122.032, 0
PixelHit 2370, 1091, 87.6446, 0
PixelHit 2371, 1096, 100.804, 0
PixelHit 2372, 1092, 63.187, 0
PixelHit 2372, 1096, 206.672, 0
PixelHit 2373, 1088, 97.5556, 0
PixelHit 2373, 1091, 132.295, 0
PixelHit 2373, 1092, 300.704, 0
PixelHit 2373, 1093, 70.6881, 0
PixelHit 2373, 1094, 168.358, 0
PixelHit 2373, 1095, 98.0018, 0
PixelHit 2374, 1091, 74.7335, 0
PixelHit 2374, 1092, 69.7671, 0
PixelHit 2374, 1093, 199.013, 0
PixelHit 2374, 1094, 57.2362, 0
PixelHit 2375, 1092, 131.66, 0
PixelHit 2375, 1094, 163.604, 0
PixelHit 2375, 1096, 82.6102, 0
PixelHit 2376, 1091, 166.969, 0
PixelHit 2376, 1092, 77.3295, 0
PixelHit 2376, 1095, 290.624, 0
PixelHit 2377, 1093, 77.1549, 0
PixelHit 2377, 1095, 137.032, 0
PixelHit 2378, 1090, 93.3965, 0
PixelHit 2378, 1092, 102.654, 0
PixelHit 2379, 1092, 279.891, 0
PixelHit 2379, 1095, 126.334, 0
PixelHit 2379, 1096, 142.391, 0
PixelHit 2380, 1092, 165.968, 0
PixelHit 2381, 1092, 97.56, 0
PixelHit 2382, 1093, 99.5293, 0
PixelHit 2382, 1097, 84.2785, 0
=== 16 ===
=== 17 ===
=== 18 ===
=== 19 ===
=== 20 ===
=== 21 ===
=== 22 ===
=== 23 ===
=== 24 ===
=== 25 ===
=== 26 ===
=== 27 ===
=== 28 ===
=== 29 ===
=== 30 ===
=== 31 ===
--- mydetector ---
PixelHit 236, 1620, 213.912, 0
PixelHit 237, 1620, 197.86, 0
PixelHit 238, 1619, 222.051, 0
PixelHit 238, 1620, 539.862, 0
PixelHit 239, 1619, 94.2458, 0
PixelHit 239, 1620, 321.312, 0
PixelHit 240, 1620, 58.68, 0
PixelHit 241, 1619, 174.567, 0
PixelHit 242, 1619, 272.904, 0
PixelHit 242, 1620, 186.734, 0
PixelHit 244, 1619, 57.5412, 0
PixelHit 245, 1619, 226.347, 0
PixelHit 245, 1620, 154.003, 0
PixelHit 246, 1620, 204.547, 0
PixelHit 248, 1619, 67.1808, 0
PixelHit 248, 1620, 446.103, 0
PixelHit 250, 1619, 123.433, 0
PixelHit 250, 1620, 167.535, 0
PixelHit 253, 1620, 180.058, 0
PixelHit 255, 1620, 142.33, 0
PixelHit 258, 1619, 167.425, 0
PixelHit 258, 1620, 286.701, 0
PixelHit 258, 1621, 85.8915, 0
PixelHit 259, 1619, 133.914, 0
PixelHit 259, 1620, 239.744, 0
PixelHit 259, 1621, 102.476, 0
PixelHit 260, 1620, 448.388, 0
PixelHit 261, 1618, 89.519, 0
PixelHit 261, 1620, 394.989, 0
PixelHit 261, 1621, 112.252, 0
PixelHit 262, 1619, 144.763, 0
PixelHit 262, 1620, 229.525, 0
PixelHit 262, 1621, 56.3233, 0
PixelHit 263, 1618, 97.0916, 0
PixelHit 263, 1619, 200.977, 0
PixelHit 263, 1620, 640.167, 0
PixelHit 263, 1621, 182.203, 0
PixelHit 264, 1619, 181.131, 0
PixelHit 264, 1620, 252.083, 0
PixelHit 264, 1621, 240.913, 0
PixelHit 265, 1619, 341.899, 0
PixelHit 266, 1619, 207.912, 0
PixelHit 266, 1620, 184.809, 0
PixelHit 266, 1621, 193.349, 0
PixelHit 267, 1620, 263.267, 0
PixelHit 268, 1620, 439.649, 0
PixelHit 269, 1620, 65.8305, 0
PixelHit 270, 1620, 60.3771, 0
PixelHit 270, 1621, 130.157, 0
PixelHit 271, 1619, 78.924, 0
PixelHit 272, 1622, 90.7666, 0
PixelHit 273, 1619, 91.9852, 0
PixelHit 273, 1620, 63.1779, 0
PixelHit 276, 1620, 115.26, 0
PixelHit 277, 1620, 168.836, 0
PixelHit 278, 1619, 121.703, 0
PixelHit 278, 1621, 124.967, 0
PixelHit 278, 1622, 163.781, 0
PixelHit 279, 1619, 257.588, 0
PixelHit 279, 1620, 333.577, 0
PixelHit 279, 1622, 156.216, 0
PixelHit 280, 1619, 268.239, 0
PixelHit 280, 1620, 491.559, 0
PixelHit 281, 1618, 172.167, 0
PixelHit 281, 1619, 49.1141, 0
PixelHit 281, 1620, 568.032, 0
PixelHit 281, 1621, 131.146, 0
PixelHit 282, 1618, 207.967, 0
PixelHit 282, 1620, 191.916, 0
PixelHit 283, 1619, 62.5804, 0
PixelHit 284, 1619, 147.384, 0
PixelHit 284, 1620, 201.244, 0
PixelHit 284, 1621, 114.045, 0
PixelHit 284, 1622, 82.4002, 0
PixelHit 285, 1621, 106.252, 0
PixelHit 286, 1620, 54.4876, 0
PixelHit 287, 1620, 150.559, 0
PixelHit 288, 1619, 68.4778, 0
PixelHit 288, 1623, 51.1405, 0
PixelHit 289, 1619, 242.391, 0
PixelHit 289, 1620, 111.347, 0
PixelHit 290, 1620, 191.057, 0
PixelHit 291, 1619, 105.397, 0
PixelHit 291, 1620, 376.561, 0
PixelHit 291, 1621, 333.223, 0
PixelHit 293, 1619, 52.799, 0
PixelHit 293, 1621, 248.247, 0
PixelHit 293, 1622, 47.7547, 0
PixelHit 294, 1620, 101.09, 0
PixelHit 295, 1619, 105.382, 0
PixelHit 295, 1621, 221.704, 0
PixelHit 296, 1619, 211.271, 0
PixelHit 296, 1621, 157.327, 0
PixelHit 297, 1619, 85.1284, 0
PixelHit 297, 1620, 202.54, 0
PixelHit 299, 1622, 81.6863, 0
PixelHit 300, 1619, 141.443, 0
PixelHit 300, 1620, 173.542, 0
PixelHit 302, 1620, 160.973, 0
PixelHit 302, 1622, 357.047, 0
PixelHit 303, 1619, 169.54, 0
PixelHit 303, 1621, 154.092, 0
PixelHit 305, 1620, 93.2626, 0
PixelHit 306, 1620, 67.2862, 0
PixelHit 307, 1620, 121.889, 0
PixelHit 308, 1620, 78.8939, 0
PixelHit 308, 1622, 146.824, 0
PixelHit 309, 1620, 246.68, 0
PixelHit 309, 1621, 213.809, 0
PixelHit 311, 1620, 51.685, 0
PixelHit 311, 1621, 66.0738, 0
PixelHit 312, 1619, 158.141, 0
PixelHit 312, 1620, 106.046, 0
PixelHit 314, 1622, 126.82, 0
PixelHit 315, 1619, 261.501, 0
PixelHit 316, 1619, 150.257, 0
PixelHit 316, 1622, 149.978, 0
PixelHit 317, 1620, 162.442, 0
PixelHit 319, 1619, 283.891, 0
PixelHit 319, 1620, 212.485, 0
PixelHit 320, 1619, 92.1345, 0
PixelHit 320, 1620, 125.463, 0
PixelHit 322, 1618, 205.848, 0
PixelHit 323, 1621, 112.21, 0
PixelHit 323, 1622, 67.6446, 0
PixelHit 324, 1621, 129.999, 0
PixelHit 325, 1619, 106.355, 0
PixelHit 325, 1623, 131.459, 0
PixelHit 326, 1621, 200.48, 0
PixelHit 329, 1620, 99.2675, 0
PixelHit 330, 1619, 195.999, 0
PixelHit 331, 1619, 67.0899, 0
PixelHit 331, 1620, 207.243, 0
PixelHit 331, 1621, 174.77, 0
PixelHit 332, 1619, 80.8133, 0
PixelHit 332, 1621, 129.705, 0
PixelHit 333, 1618, 51.9677, 0
PixelHit 333, 1621, 214.572, 0
PixelHit 334, 1621, 90.0994, 0
PixelHit 334, 1624, 68.7402, 0
PixelHit 335, 1619, 105.188, 0
PixelHit 335, 1620, 282.606, 0
PixelHit 335, 1623, 62.7779, 0
PixelHit 336, 1620, 174.109, 0
PixelHit 336, 1621, 223.6, 0
PixelHit 336, 1622, 59.8244, 0
PixelHit 336, 1623, 112.707, 0
PixelHit 337, 1620, 139.631, 0
PixelHit 338, 1619, 124.486, 0
PixelHit 338, 1624, 54.3952, 0
PixelHit 339, 1622, 101.757, 0
PixelHit 340, 1621, 134.243, 0
PixelHit 341, 1619, 207.445, 0
PixelHit 343, 1619, 227.9, 0
PixelHit 343, 1620, 184.059, 0
PixelHit 345, 1622, 133.843, 0
PixelHit 345, 1624, 70.0476, 0
PixelHit 346, 1617, 157.207, 0
PixelHit 346, 1621, 178.506, 0
PixelHit 347, 1619, 122.665, 0
PixelHit 347, 1622, 77.2236, 0
PixelHit 347, 1623, 59.1748, 0
PixelHit 348, 1620, 215.36, 0
PixelHit 349, 1625, 134.734, 0
PixelHit 350, 1621, 177.83, 0
PixelHit 350, 1622, 83.4693, 0
PixelHit 351, 1623, 97.5287, 0
PixelHit 352, 1619, 72.1462, 0
PixelHit 352, 1620, 190.922, 0
PixelHit 352, 1621, 160.424, 0
PixelHit 352, 1622, 108.203, 0
PixelHit 353, 1619, 64.9396, 0
PixelHit 353, 1622, 146.584, 0
PixelHit 353, 1623, 77.3279, 0
PixelHit 354, 1620, 115.156, 0
PixelHit 354, 1621, 102.505, 0
PixelHit 354, 1622, 76.0818, 0
PixelHit 355, 1620, 237.274, 0
PixelHit 355, 1623, 155.069, 0
PixelHit 356, 1618, 90.0973, 0
PixelHit 356, 1620, 170.727, 0
PixelHit 356, 1622, 89.6376, 0
PixelHit 356, 1624, 152.368, 0
PixelHit 357, 1622, 239.005, 0
PixelHit 358, 1621, 66.8349, 0
PixelHit 360, 1620, 107.825, 0
PixelHit 362, 1620, 77.4898, 0
PixelHit 362, 1623, 152.983, 0
PixelHit 363, 1620, 88.3639, 0
PixelHit 363, 1621, 97.9715, 0
PixelHit 363, 1624, 64.7327, 0
PixelHit 364, 1618, 52.7885, 0
PixelHit 365, 1619, 301.323, 0
PixelHit 365, 1621, 167.867, 0
PixelHit 366, 1621, 255.648, 0
PixelHit 366, 1622, 108.772, 0
PixelHit 367, 1621, 77.4905, 0
PixelHit 369, 1620, 119.385, 0
PixelHit 369, 1621, 91.2541, 0
PixelHit 369, 1622, 196.281, 0
PixelHit 370, 1622, 138.114, 0
PixelHit 370, 1623, 246.091, 0
PixelHit 372, 1622, 222.071, 0
=== 32 ===
=== 33 ===
=== 34 ===
=== 35 ===
=== 36 ===
=== 37 ===
=== 38 ===
=== 39 ===
=== 40 ===
--- mydetector ---
PixelHit 1422, 1792, 155.08, 0
PixelHit 1422, 1793, 352.147, 0
PixelHit 1422, 1794, 160.117, 0
PixelHit 1423, 1793, 111.929, 0
PixelHit 1426, 1793, 211.254, 0
PixelHit 1427, 1793, 67.2204, 0
PixelHit 1428, 1793, 272.756, 0
PixelHit 1429, 1793, 292.807, 0
PixelHit 1430, 1793, 195.676, 0
PixelHit 1431, 1792, 138.736, 0
PixelHit 1431, 1793, 166.98, 0
PixelHit 1432, 1792, 106.867, 0
PixelHit 1433, 1792, 68.3277, 0
PixelHit 1434, 1793, 120.676, 0
PixelHit 1434, 1794, 262.533, 0
PixelHit 1436, 1793, 105.412, 0
PixelHit 1437, 1793, 65.8187, 0
PixelHit 1438, 1793, 143.33, 0
PixelHit 1439, 1792, 45.4683, 0
PixelHit 1440, 1791, 93.5753, 0
PixelHit 1440, 1792, 76.9058, 0
PixelHit 1440, 1793, 92.3777, 0
PixelHit 1441, 1792, 124.107, 0
PixelHit 1441, 1793, 87.6084, 0
PixelHit 1442, 1791, 100.443, 0
PixelHit 1442, 1792, 110.39, 0
PixelHit 1443, 1792, 222.014, 0
PixelHit 1443, 1793, 119.295, 0
PixelHit 1446, 1792, 50.9614, 0
PixelHit 1447, 1791, 217.725, 0
PixelHit 1447, 1793, 155.161, 0
PixelHit 1448, 1791, 85.3205, 0
PixelHit 1448, 1792, 195.025, 0
PixelHit 1449, 1791, 92.5187, 0
PixelHit 1449, 1792, 83.6982, 0
PixelHit 1449, 1793, 189.693, 0
PixelHit 1450, 1791, 186.804, 0
PixelHit 1450, 1793, 99.4653, 0
PixelHit 1451, 1793, 73.9006, 0
PixelHit 1452, 1794, 158.638, 0
PixelHit 1454, 1792, 219.673, 0
PixelHit 1454, 1793, 157.053, 0
PixelHit 1455, 1793, 74.8448, 0
PixelHit 1456, 1791, 160.189, 0
PixelHit 1456, 1792, 286.594, 0
PixelHit 1456, 1793, 69.3225, 0
PixelHit 1457, 1792, 124.14, 0
PixelHit 1457, 1793, 75.8907, 0
PixelHit 1458, 1791, 90.4665, 0
PixelHit 1458, 1793, 91.1356, 0
PixelHit 1459, 1791, 79.1657, 0
PixelHit 1459, 1792, 52.0575, 0
PixelHit 1460, 1790, 154.885, 0
PixelHit 1460, 1791, 234.421, 0
PixelHit 1460, 1792, 182.06, 0
PixelHit 1461, 1791, 222.612, 0
PixelHit 1461, 1793, 196.141, 0
PixelHit 1462, 1789, 181.635, 0
PixelHit 1462, 1791, 59.4179, 0
PixelHit 1462, 1792, 243.876, 0
PixelHit 1463, 1789, 126.913, 0
PixelHit 1463, 1792, 291.693, 0
PixelHit 1464, 1791, 83.5692, 0
PixelHit 1465, 1793, 49.6352, 0
PixelHit 1466, 1789, 98.1508, 0
PixelHit 1466, 1790, 229.666, 0
PixelHit 1466, 1793, 74.8117, 0
PixelHit 1467, 1791, 113.811, 0
PixelHit 1467, 1792, 53.5819, 0
PixelHit 1467, 1793, 71.2865, 0
PixelHit 1468, 1792, 68.2033, 0
PixelHit 1469, 1790, 73.1294, 0
PixelHit 1469, 1792, 60.347, 0
PixelHit 1470, 1789, 133.576, 0
PixelHit 1470, 1790, 183.47, 0
PixelHit 1470, 1791, 342.131, 0
PixelHit 1471, 1789, 87.174, 0
PixelHit 1471, 1792, 81.2048, 0
PixelHit 1472, 1790, 156.479, 0
PixelHit 1472, 1792, 185.47, 0
PixelHit 1473, 1789, 189.827, 0
PixelHit 1473, 1791, 65.1207, 0
PixelHit 1473, 1792, 123.317, 0
PixelHit 1474, 1791, 69.0687, 0
PixelHit 1474, 1792, 101.706, 0
PixelHit 1474, 1793, 92.2854, 0
PixelHit 1475, 1789, 61.4166, 0
PixelHit 1475, 1790, 127.461, 0
PixelHit 1475, 1791, 113.702, 0
PixelHit 1475, 1792, 170.513, 0
PixelHit 1476, 1791, 60.4741, 0
PixelHit 1476, 1792, 211.261, 0
PixelHit 1476, 1793, 291.045, 0
PixelHit 1476, 1794, 141.385, 0
PixelHit 1478, 1791, 197.834, 0
PixelHit 1478, 1792, 110.017, 0
PixelHit 1479, 1789, 157.75, 0
PixelHit 1479, 1790, 114.168, 0
PixelHit 1479, 1791, 141.478, 0
PixelHit 1479, 1792, 96.4762, 0
PixelHit 1479, 1793, 119.398, 0
PixelHit 1481, 1788, 81.446, 0
PixelHit 1481, 1791, 59.2296, 0
PixelHit 1481, 1792, 48.3048, 0
PixelHit 1482, 1788, 62.8743, 0
PixelHit 1482, 1790, 139.628, 0
PixelHit 1482, 1791, 64.1651, 0
PixelHit 1482, 1792, 65.3366, 0
PixelHit 1482, 1795, 299.102, 0
PixelHit 1483, 1789, 132.621, 0
PixelHit 1483, 1790, 113.105, 0
PixelHit 1483, 1792, 96.9936, 0
PixelHit 1484, 1788, 74.5735, 0
PixelHit 1484, 1789, 142.127, 0
PixelHit 1484, 1790, 73.237, 0
PixelHit 1484, 1791, 308.988, 0
PixelHit 1485, 1790, 95.1372, 0
PixelHit 1486, 1789, 71.1635, 0
PixelHit 1486, 1791, 191.678, 0
PixelHit 1486, 1794, 139.635, 0
PixelHit 1487, 1789, 109.829, 0
PixelHit 1487, 1791, 126.962, 0
PixelHit 1488, 1789, 97.595, 0
PixelHit 1488, 1791, 157.345, 0
PixelHit 1489, 1791, 180.904, 0
PixelHit 1490, 1788, 55.7745, 0
PixelHit 1490, 1790, 129.806, 0
PixelHit 1490, 1791, 48.095, 0
PixelHit 1490, 1792, 58.797, 0
PixelHit 1491, 1789, 184.731, 0
PixelHit 1491, 1791, 112.696, 0
PixelHit 1491, 1792, 170.285, 0
PixelHit 1492, 1787, 70.1767, 0
PixelHit 1492, 1788, 239.475, 0
PixelHit 1492, 1791, 138.497, 0
PixelHit 1492, 1793, 69.7477, 0
PixelHit 1493, 1789, 291.321, 0
PixelHit 1493, 1790, 127.796, 0
PixelHit 1493, 1791, 290.56, 0
PixelHit 1493, 1792, 54.3036, 0
PixelHit 1493, 1794, 142.575, 0
PixelHit 1494, 1789, 285.266, 0
PixelHit 1494, 1790, 82.757, 0
PixelHit 1494, 1791, 86.3507, 0
PixelHit 1494, 1792, 83.6353, 0
PixelHit 1494, 1794, 301.674, 0
PixelHit 1495, 1788, 188.011, 0
PixelHit 1495, 1789, 115.361, 0
PixelHit 1495, 1790, 102.445, 0
PixelHit 1495, 1791, 312.768, 0
PixelHit 1496, 1786, 70.4888, 0
PixelHit 1496, 1788, 179.355, 0
PixelHit 1496, 1789, 70.029, 0
PixelHit 1496, 1790, 267.852, 0
PixelHit 1497, 1791, 170.693, 0
PixelHit 1498, 1792, 57.882, 0
PixelHit 1499, 1788, 79.3562, 0
PixelHit 1499, 1790, 97.4697, 0
PixelHit 1500, 1789, 82.7546, 0
PixelHit 1500, 1792, 197.073, 0
PixelHit 1501, 1786, 85.7022, 0
PixelHit 1501, 1789, 65.7932, 0
PixelHit 1501, 1792, 139.632, 0
PixelHit 1502, 1790, 174.505, 0
PixelHit 1502, 1791, 168.676, 0
PixelHit 1502, 1792, 171.487, 0
PixelHit 1503, 1791, 81.7799, 0
PixelHit 1503, 1792, 138.866, 0
PixelHit 1504, 1788, 174.273, 0
PixelHit 1504, 1790, 81.592, 0
PixelHit 1505, 1786, 89.5182, 0
PixelHit 1505, 1789, 117.641, 0
PixelHit 1506, 1788, 56.8949, 0
PixelHit 1506, 1789, 267.888, 0
PixelHit 1506, 1791, 111.695, 0
PixelHit 1508, 1786, 104.907, 0
PixelHit 1509, 1790, 90.2984, 0
PixelHit 1509, 1791, 79.8954, 0
PixelHit 1510, 1786, 88.6077, 0
PixelHit 1510, 1787, 170.342, 0
PixelHit 1510, 1789, 131.951, 0
PixelHit 1510, 1791, 183.962, 0
PixelHit 1511, 1789, 43.0885, 0
PixelHit 1511, 1790, 340.607, 0
PixelHit 1512, 1790, 191.109, 0
PixelHit 1513, 1786, 124.073, 0
PixelHit 1513, 1787, 76.1858, 0
PixelHit 1513, 1789, 62.179, 0
PixelHit 1513, 1790, 48.9871, 0
PixelHit 1513, 1792, 113.743, 0
PixelHit 1514, 1789, 182.989, 0
PixelHit 1515, 1784, 82.0539, 0
PixelHit 1515, 1788, 143.805, 0
=== 41 ===
=== 42 ===
=== 43 ===
=== 44 ===
=== 45 ===
=== 46 ===
=== 47 ===
=== 48 ===
--- mydetector ---
PixelHit 2096, 1614, 211.544, 0
PixelHit 2097, 1614, 169.311, 0
PixelHit 2097, 1615, 74.3526, 0
PixelHit 2098, 1614, 202.236, 0
PixelHit 2099, 1614, 99.3844, 0
PixelHit 2100, 1613, 224.678, 0
PixelHit 2101, 1614, 383.419, 0
PixelHit 2102, 1613, 286.665, 0
PixelHit 2102, 1614, 356.197, 0
PixelHit 2102, 1615, 86.8425, 0
PixelHit 2103, 1613, 116.317, 0
PixelHit 2103, 1614, 427.359, 0
PixelHit 2104, 1614, 171.176, 0
PixelHit 2105, 1614, 205.773, 0
PixelHit 2106, 1613, 110.179, 0
PixelHit 2106, 1614, 217.443, 0
PixelHit 2107, 1613, 233.041, 0
PixelHit 2107, 1614, 160.827, 0
PixelHit 2109, 1613, 145.275, 0
PixelHit 2110, 1614, 80.1081, 0
PixelHit 2111, 1614, 235.311, 0
PixelHit 2112, 1615, 137.697, 0
PixelHit 2114, 1613, 55.1174, 0
PixelHit 2115, 1612, 140.743, 0
PixelHit 2116, 1613, 243.195, 0
PixelHit 2116, 1614, 139.293, 0
PixelHit 2117, 1613, 253.307, 0
PixelHit 2119, 1612, 177, 0
PixelHit 2119, 1613, 143.745, 0
PixelHit 2120, 1613, 111.771, 0
PixelHit 2120, 1614, 84.1406, 0
PixelHit 2120, 1615, 73.9593, 0
PixelHit 2121, 1612, 141.453, 0
PixelHit 2121, 1613, 120.364, 0
PixelHit 2122, 1613, 57.825, 0
PixelHit 2123, 1612, 152.906, 0
PixelHit 2123, 1614, 82.2332, 0
PixelHit 2124, 1612, 268.448, 0
PixelHit 2124, 1613, 607.372, 0
PixelHit 2124, 1614, 76.6071, 0
PixelHit 2125, 1612, 60.8686, 0
PixelHit 2125, 1613, 309.906, 0
PixelHit 2125, 1614, 296.83, 0
PixelHit 2126, 1612, 162.669, 0
PixelHit 2126, 1613, 106.56, 0
PixelHit 2127, 1612, 196.904, 0
PixelHit 2127, 1613, 204.916, 0
PixelHit 2128, 1613, 106.29, 0
PixelHit 2131, 1614, 97.2062, 0
PixelHit 2132, 1612, 158.292, 0
PixelHit 2132, 1614, 89.5774, 0
PixelHit 2133, 1612, 164.309, 0
PixelHit 2133, 1613, 201.451, 0
PixelHit 2134, 1611, 53.3672, 0
PixelHit 2134, 1613, 272.956, 0
PixelHit 2135, 1612, 423.626, 0
PixelHit 2136, 1611, 93.547, 0
PixelHit 2136, 1614, 379.675, 0
PixelHit 2139, 1612, 180.743, 0
PixelHit 2140, 1610, 228.666, 0
PixelHit 2141, 1612, 152.064, 0
PixelHit 2143, 1611, 99.5903, 0
PixelHit 2143, 1613, 88.1467, 0
PixelHit 2144, 1611, 71.3345, 0
PixelHit 2144, 1613, 118.881, 0
PixelHit 2145, 1610, 51.7999, 0
PixelHit 2145, 1611, 125.363, 0
PixelHit 2145, 1613, 96.697, 0
PixelHit 2146, 1610, 90.3777, 0
PixelHit 2146, 1612, 247.024, 0
PixelHit 2147, 1612, 157.382, 0
PixelHit 2148, 1610, 45.7025, 0
PixelHit 2148, 1612, 144.953, 0
PixelHit 2149, 1613, 277.282, 0
PixelHit 2151, 1610, 68.4744, 0
PixelHit 2152, 1613, 199.143, 0
PixelHit 2153, 1612, 121.946, 0
PixelHit 2154, 1613, 96.8549, 0
PixelHit 2156, 1609, 140.755, 0
PixelHit 2156, 1610, 50.973, 0
PixelHit 2156, 1611, 100.966, 0
PixelHit 2158, 1611, 287.248, 0
PixelHit 2159, 1610, 199.499, 0
PixelHit 2159, 1613, 155.546, 0
PixelHit 2160, 1611, 93.1001, 0
PixelHit 2161, 1608, 149.628, 0
PixelHit 2163, 1611, 445.078, 0
PixelHit 2163, 1613, 144.901, 0
PixelHit 2164, 1611, 69.0785, 0
PixelHit 2166, 1609, 106.419, 0
PixelHit 2166, 1612, 122.413, 0
PixelHit 2168, 1613, 221.064, 0
PixelHit 2169, 1610, 127.202, 0
PixelHit 2169, 1612, 178.883, 0
PixelHit 2170, 1610, 140.284, 0
PixelHit 2170, 1612, 218.795, 0
PixelHit 2171, 1608, 83.7413, 0
PixelHit 2171, 1612, 209.28, 0
PixelHit 2172, 1608, 157.374, 0
PixelHit 2172, 1611, 156.645, 0
PixelHit 2173, 1610, 153.242, 0
PixelHit 2174, 1610, 152.771, 0
PixelHit 2175, 1609, 62.9152, 0
PixelHit 2175, 1610, 65.0108, 0
PixelHit 2175, 1611, 195.087, 0
PixelHit 2175, 1613, 113.418, 0
PixelHit 2176, 1611, 131.353, 0
PixelHit 2177, 1608, 211.835, 0
PixelHit 2177, 1610, 120.026, 0
PixelHit 2178, 1608, 96.097, 0
PixelHit 2179, 1611, 131.779, 0
PixelHit 2179, 1613, 121.995, 0
PixelHit 2180, 1611, 143.749, 0
PixelHit 2180, 1612, 53.2343, 0
PixelHit 2181, 1611, 311.981, 0
PixelHit 2182, 1611, 97.2563, 0
PixelHit 2185, 1608, 90.0894, 0
PixelHit 2185, 1612, 150.757, 0
PixelHit 2186, 1611, 64.2613, 0
PixelHit 2187, 1608, 141.51, 0
PixelHit 2187, 1613, 244.499, 0
PixelHit 2188, 1610, 140.356, 0
PixelHit 2189, 1606, 66.9863, 0
PixelHit 2189, 1608, 134.572, 0
PixelHit 2189, 1609, 94.647, 0
PixelHit 2189, 1611, 70.9045, 0
PixelHit 2190, 1606, 92.6875, 0
PixelHit 2190, 1611, 54.6249, 0
PixelHit 2191, 1609, 147.917, 0
PixelHit 2192, 1610, 65.0922, 0
PixelHit 2192, 1611, 127.778, 0
PixelHit 2193, 1608, 44.9248, 0
PixelHit 2193, 1611, 65.0925, 0
PixelHit 2194, 1609, 67.1019, 0
PixelHit 2196, 1609, 59.8513, 0
PixelHit 2196, 1610, 129.411, 0
PixelHit 2196, 1611, 233.933, 0
PixelHit 2197, 1609, 74.2251, 0
PixelHit 2198, 1605, 217.647, 0
PixelHit 2198, 1607, 58.2099, 0
PixelHit 2199, 1608, 158.442, 0
PixelHit 2199, 1609, 135.426, 0
PixelHit 2199, 1613, 122.559, 0
PixelHit 2200, 1607, 130.195, 0
PixelHit 2200, 1608, 314.186, 0
PixelHit 2200, 1609, 171.514, 0
PixelHit 2200, 1612, 49.0694, 0
PixelHit 2202, 1609, 134.367, 0
PixelHit 2202, 1610, 73.2302, 0
PixelHit 2203, 1609, 108.732, 0
PixelHit 2204, 1609, 96.0102, 0
PixelHit 2204, 1612, 302.017, 0
PixelHit 2205, 1608, 56.9472, 0
PixelHit 2205, 1609, 52.9626, 0
PixelHit 2205, 1610, 204.948, 0
PixelHit 2205, 1611, 283.637, 0
PixelHit 2205, 1612, 105.658, 0
PixelHit 2207, 1610, 330.877, 0
PixelHit 2207, 1612, 67.6599, 0
=== 49 ===
--- mydetector ---
PixelHit 1452, 672, 86.2587, 0
PixelHit 1453, 672, 57.177, 0
PixelHit 1454, 671, 144.909, 0
PixelHit 1454, 672, 316.163, 0
PixelHit 1455, 671, 183.366, 0
PixelHit 1455, 672, 93.1669, 0
PixelHit 1456, 672, 220.32, 0
PixelHit 1457, 671, 224.979, 0
PixelHit 1457, 672, 129.617, 0
PixelHit 1458, 671, 95.232, 0
PixelHit 1459, 671, 127.81, 0
PixelHit 1459, 672, 430.892, 0
PixelHit 1461, 672, 128.725, 0
PixelHit 1463, 671, 134.567, 0
PixelHit 1465, 672, 55.541, 0
PixelHit 1466, 671, 282.473, 0
PixelHit 1466, 672, 95.998, 0
PixelHit 1467, 671, 124.791, 0
PixelHit 1467, 673, 206.192, 0
PixelHit 1468, 671, 265.797, 0
PixelHit 1468, 672, 181.829, 0
PixelHit 1469, 672, 206.31, 0
PixelHit 1470, 671, 111.276, 0
PixelHit 1470, 672, 178.964, 0
PixelHit 1471, 670, 155.76, 0
PixelHit 1471, 672, 176.651, 0
PixelHit 1473, 672, 98.2708, 0
PixelHit 1473, 673, 92.3273, 0
PixelHit 1474, 670, 79.6175, 0
PixelHit 1474, 672, 89.1091, 0
PixelHit 1475, 671, 94.7942, 0
PixelHit 1475, 672, 90.4556, 0
PixelHit 1476, 670, 160.008, 0
PixelHit 1476, 672, 117.094, 0
PixelHit 1477, 671, 214.681, 0
PixelHit 1477, 672, 354.475, 0
PixelHit 1477, 673, 102.004, 0
PixelHit 1478, 670, 130.056, 0
PixelHit 1478, 671, 106.305, 0
PixelHit 1478, 672, 103.172, 0
PixelHit 1478, 673, 185.237, 0
PixelHit 1479, 672, 121.751, 0
PixelHit 1480, 669, 83.6323, 0
PixelHit 1480, 670, 228.009, 0
PixelHit 1481, 669, 179.653, 0
PixelHit 1481, 670, 77.7689, 0
PixelHit 1481, 671, 719.505, 0
PixelHit 1481, 672, 124.096, 0
PixelHit 1481, 673, 141.634, 0
PixelHit 1482, 670, 62.524, 0
PixelHit 1482, 671, 412.599, 0
PixelHit 1482, 672, 341.751, 0
PixelHit 1482, 673, 95.3068, 0
PixelHit 1483, 671, 164.625, 0
PixelHit 1483, 672, 129.911, 0
PixelHit 1484, 672, 67.6645, 0
PixelHit 1486, 671, 88.9618, 0
PixelHit 1487, 671, 93.7829, 0
PixelHit 1488, 673, 118.243, 0
PixelHit 1489, 670, 93.0474, 0
PixelHit 1489, 671, 246.454, 0
PixelHit 1489, 674, 57.453, 0
PixelHit 1490, 671, 390.384, 0
PixelHit 1490, 672, 364.286, 0
PixelHit 1490, 673, 190.639, 0
PixelHit 1490, 674, 147.278, 0
PixelHit 1491, 669, 104.172, 0
PixelHit 1491, 670, 360.22, 0
PixelHit 1491, 671, 1001.82, 0
PixelHit 1491, 672, 615.809, 0
PixelHit 1491, 673, 369.663, 0
PixelHit 1491, 674, 214.245, 0
PixelHit 1492, 669, 148.874, 0
PixelHit 1492, 670, 456.158, 0
PixelHit 1492, 671, 655.861, 0
PixelHit 1492, 672, 741.281, 0
PixelHit 1492, 673, 523.34, 0
PixelHit 1492, 674, 209.956, 0
PixelHit 1493, 670, 184.901, 0
PixelHit 1493, 671, 197.693, 0
PixelHit 1493, 672, 149.605, 0
PixelHit 1493, 673, 206.074, 0
PixelHit 1495, 672, 81.2281, 0
PixelHit 1495, 673, 162.186, 0
PixelHit 1496, 670, 122.072, 0
PixelHit 1497, 672, 75.0815, 0
PixelHit 1498, 670, 122.816, 0
PixelHit 1499, 670, 186.856, 0
PixelHit 1499, 671, 60.2304, 0
PixelHit 1499, 672, 156.91, 0
PixelHit 1502, 671, 157.762, 0
PixelHit 1503, 672, 113.835, 0
PixelHit 1504, 671, 236.703, 0
PixelHit 1504, 672, 65.5507, 0
PixelHit 1504, 673, 259.496, 0
PixelHit 1505, 670, 86.3175, 0
PixelHit 1505, 673, 192.859, 0
PixelHit 1506, 672, 203.295, 0
PixelHit 1507, 670, 421.022, 0
PixelHit 1507, 671, 62.0516, 0
PixelHit 1508, 671, 118.973, 0
PixelHit 1508, 672, 245.13, 0
PixelHit 1509, 672, 116.29, 0
PixelHit 1509, 673, 53.8857, 0
PixelHit 1510, 670, 112.804, 0
PixelHit 1510, 674, 101.369, 0
PixelHit 1511, 672, 180.057, 0
PixelHit 1512, 672, 58.5899, 0
PixelHit 1513, 671, 104.419, 0
PixelHit 1513, 672, 344.739, 0
PixelHit 1514, 668, 153.657, 0
PixelHit 1514, 669, 59.8841, 0
PixelHit 1514, 672, 231.807, 0
PixelHit 1514, 673, 168.636, 0
PixelHit 1514, 674, 244.36, 0
PixelHit 1515, 671, 156.466, 0
PixelHit 1516, 671, 287.761, 0
PixelHit 1517, 672, 123.422, 0
PixelHit 1517, 673, 100.034, 0
PixelHit 1518, 671, 81.6015, 0
PixelHit 1519, 670, 345.581, 0
PixelHit 1520, 672, 102.456, 0
PixelHit 1520, 673, 85.5397, 0
PixelHit 1521, 671, 69.6034, 0
PixelHit 1521, 672, 135.151, 0
PixelHit 1521, 673, 187.039, 0
PixelHit 1522, 669, 142.1, 0
PixelHit 1522, 673, 292.862, 0
PixelHit 1523, 671, 78.6013, 0
PixelHit 1524, 671, 73.8211, 0
PixelHit 1524, 673, 220.525, 0
PixelHit 1524, 674, 53.8374, 0
PixelHit 1525, 670, 161.299, 0
PixelHit 1525, 671, 69.8696, 0
PixelHit 1525, 672, 114.604, 0
PixelHit 1526, 670, 47.4081, 0
PixelHit 1526, 671, 90.0811, 0
PixelHit 1526, 672, 81.1556, 0
PixelHit 1526, 673, 79.7786, 0
PixelHit 1526, 674, 223.804, 0
PixelHit 1527, 669, 76.6898, 0
PixelHit 1527, 670, 262.922, 0
PixelHit 1527, 671, 74.905, 0
PixelHit 1527, 672, 156.308, 0
PixelHit 1527, 674, 106.153, 0
PixelHit 1528, 670, 149.659, 0
PixelHit 1528, 671, 293.36, 0
PixelHit 1528, 672, 230.59, 0
PixelHit 1528, 673, 64.6964, 0
PixelHit 1528, 674, 77.1704, 0
PixelHit 1529, 671, 192.313, 0
PixelHit 1529, 672, 313.638, 0
PixelHit 1529, 673, 113.227, 0
PixelHit 1529, 674, 261.686, 0
PixelHit 1530, 670, 110.455, 0
PixelHit 1530, 672, 229.011, 0
PixelHit 1530, 674, 78.4281, 0
PixelHit 1531, 670, 60.3289, 0
PixelHit 1531, 671, 184.46, 0
PixelHit 1531, 672, 234.877, 0
PixelHit 1531, 675, 70.1806, 0
PixelHit 1532, 673, 108.467, 0
PixelHit 1532, 674, 80.7627, 0
PixelHit 1534, 670, 199.939, 0
PixelHit 1534, 671, 133.043, 0
PixelHit 1534, 673, 224.128, 0
PixelHit 1535, 668, 169.564, 0
PixelHit 1535, 672, 70.1397, 0
PixelHit 1536, 671, 56.2529, 0
PixelHit 1536, 673, 238.919, 0
PixelHit 1536, 674, 113.316, 0
PixelHit 1538, 670, 145.875, 0
PixelHit 1539, 671, 136.375, 0
PixelHit 1540, 669, 49.6002, 0
PixelHit 1540, 670, 204.082, 0
PixelHit 1540, 672, 110.354, 0
PixelHit 1542, 672, 228.882, 0
PixelHit 1543, 669, 141.814, 0
PixelHit 1543, 670, 180.538, 0
PixelHit 1543, 676, 216.713, 0
PixelHit 1544, 670, 120.141, 0
PixelHit 1544, 672, 184.914, 0
PixelHit 1544, 673, 162.623, 0
PixelHit 1545, 668, 88.3332, 0
PixelHit 1545, 670, 65.0603, 0
PixelHit 1545, 673, 93.6747, 0
PixelHit 1545, 674, 155.509, 0
PixelHit 1546, 670, 104.903, 0
PixelHit 1546, 671, 79.7528, 0
PixelHit 1546, 672, 76.9979, 0
PixelHit 1547, 674, 156.387, 0
PixelHit 1548, 670, 92.4494, 0
PixelHit 1549, 669, 87.3921, 0
PixelHit 1549, 670, 77.2614, 0
PixelHit 1550, 672, 190.181, 0
PixelHit 1550, 673, 87.7567, 0
PixelHit 1550, 676, 57.2927, 0
PixelHit 1551, 670, 167.678, 0
=== 50 ===
=== 51 ===
=== 52 ===
=== 53 ===
=== 54 ===
=== 55 ===
=== 56 ===
=== 57 ===
=== 58 ===
--- mydetector ---
PixelHit 1728, 753, 241.828, 0
PixelHit 1729, 753, 150.782, 0
PixelHit 1730, 752, 227.392, 0
PixelHit 1730, 753, 109.4, 0
PixelHit 1731, 753, 152.389, 0
PixelHit 1731, 754, 124.083, 0
PixelHit 1733, 754, 69.6272, 0
PixelHit 1734, 753, 66.4665, 0
PixelHit 1735, 753, 313.227, 0
PixelHit 1735, 754, 50.2309, 0
PixelHit 1737, 753, 84.3427, 0
PixelHit 1737, 754, 82.8059, 0
PixelHit 1738, 754, 199.193, 0
PixelHit 1739, 752, 193.902, 0
PixelHit 1739, 753, 323.452, 0
PixelHit 1740, 753, 137.178, 0
PixelHit 1740, 754, 69.2292, 0
PixelHit 1741, 754, 206.089, 0
PixelHit 1742, 754, 151.032, 0
PixelHit 1742, 755, 102.082, 0
PixelHit 1743, 753, 166.866, 0
PixelHit 1743, 754, 1234.39, 0
PixelHit 1743, 755, 540.231, 0
PixelHit 1744, 753, 318.951, 0
PixelHit 1744, 754, 1210.92, 0
PixelHit 1744, 755, 651.552, 0
PixelHit 1744, 756, 149.762, 0
PixelHit 1745, 754, 336.622, 0
PixelHit 1746, 753, 149.047, 0
PixelHit 1746, 754, 200.481, 0
PixelHit 1747, 753, 96.7808, 0
PixelHit 1748, 754, 322.722, 0
PixelHit 1749, 753, 90.3294, 0
PixelHit 1751, 753, 120.573, 0
PixelHit 1751, 754, 256.528, 0
PixelHit 1752, 753, 170.169, 0
PixelHit 1753, 755, 79.132, 0
PixelHit 1754, 752, 143.906, 0
PixelHit 1754, 753, 292.207, 0
PixelHit 1754, 754, 163.817, 0
PixelHit 1755, 754, 119.317, 0
PixelHit 1756, 754, 100.276, 0
PixelHit 1759, 753, 61.8285, 0
PixelHit 1759, 754, 231.138, 0
PixelHit 1760, 753, 73.4275, 0
PixelHit 1760, 755, 78.2633, 0
PixelHit 1762, 754, 63.9726, 0
PixelHit 1763, 753, 245.69, 0
PixelHit 1763, 754, 74.3485, 0
PixelHit 1764, 753, 197.139, 0
PixelHit 1764, 755, 123.98, 0
PixelHit 1765, 753, 117.843, 0
PixelHit 1765, 754, 89.5692, 0
PixelHit 1766, 754, 185.532, 0
PixelHit 1767, 754, 113.658, 0
PixelHit 1768, 752, 149.195, 0
PixelHit 1768, 754, 72.6864, 0
PixelHit 1768, 755, 267.626, 0
PixelHit 1769, 753, 126.858, 0
PixelHit 1769, 754, 71.7401, 0
PixelHit 1770, 753, 308.542, 0
PixelHit 1771, 753, 95.1767, 0
PixelHit 1771, 754, 158.612, 0
PixelHit 1772, 751, 180.489, 0
PixelHit 1772, 753, 184.447, 0
PixelHit 1772, 754, 227.217, 0
PixelHit 1772, 755, 73.485, 0
PixelHit 1773, 754, 146.721, 0
PixelHit 1774, 754, 213.254, 0
PixelHit 1775, 752, 177.799, 0
PixelHit 1775, 753, 163.572, 0
PixelHit 1775, 755, 129.865, 0
PixelHit 1776, 751, 347.782, 0
PixelHit 1776, 752, 273.555, 0
PixelHit 1776, 753, 324.985, 0
PixelHit 1776, 754, 120.123, 0
PixelHit 1776, 755, 115.87, 0
PixelHit 1776, 756, 123.93, 0
PixelHit 1777, 748, 128.364, 0
PixelHit 1777, 750, 65.9902, 0
PixelHit 1777, 751, 112.064, 0
PixelHit 1777, 752, 489.251, 0
PixelHit 1777, 753, 364.209, 0
PixelHit 1777, 754, 500.637, 0
PixelHit 1777, 755, 240.669, 0
PixelHit 1778, 748, 156.319, 0
PixelHit 1778, 749, 209.976, 0
PixelHit 1778, 750, 89.9031, 0
PixelHit 1778, 751, 66.6256, 0
PixelHit 1778, 752, 315.279, 0
PixelHit 1778, 753, 319.279, 0
PixelHit 1778, 754, 346.655, 0
PixelHit 1779, 746, 62.2067, 0
PixelHit 1779, 749, 144.161, 0
PixelHit 1779, 750, 278.523, 0
PixelHit 1779, 751, 333.576, 0
PixelHit 1779, 752, 152.541, 0
PixelHit 1779, 753, 420.771, 0
PixelHit 1779, 754, 120.007, 0
PixelHit 1779, 756, 160.495, 0
PixelHit 1780, 743, 160.814, 0
PixelHit 1780, 747, 44.0358, 0
PixelHit 1780, 748, 243.495, 0
PixelHit 1780, 750, 476.627, 0
PixelHit 1780, 751, 244.884, 0
PixelHit 1780, 752, 351.436, 0
PixelHit 1780, 753, 295.359, 0
PixelHit 1780, 754, 201.188, 0
PixelHit 1781, 746, 206.579, 0
PixelHit 1781, 747, 118.1, 0
PixelHit 1781, 749, 221.212, 0
PixelHit 1781, 752, 229.575, 0
PixelHit 1781, 753, 183.655, 0
PixelHit 1781, 754, 140.618, 0
PixelHit 1781, 755, 104.99, 0
PixelHit 1781, 756, 198.693, 0
PixelHit 1782, 746, 104.868, 0
PixelHit 1782, 747, 134.872, 0
PixelHit 1782, 748, 270.223, 0
PixelHit 1782, 749, 159.818, 0
PixelHit 1782, 752, 194.426, 0
PixelHit 1782, 754, 60.7169, 0
PixelHit 1783, 746, 341.991, 0
PixelHit 1783, 747, 98.8534, 0
PixelHit 1783, 748, 65.7421, 0
PixelHit 1783, 750, 100.736, 0
PixelHit 1783, 756, 239.716, 0
PixelHit 1784, 746, 129.796, 0
PixelHit 1784, 747, 214.657, 0
PixelHit 1784, 754, 206.339, 0
PixelHit 1785, 745, 151.528, 0
PixelHit 1785, 746, 259.288, 0
PixelHit 1785, 747, 58.1639, 0
PixelHit 1785, 753, 204.974, 0
PixelHit 1785, 755, 85.9477, 0
PixelHit 1786, 743, 98.4712, 0
PixelHit 1786, 744, 224.94, 0
PixelHit 1786, 746, 214.959, 0
PixelHit 1786, 747, 81.4132, 0
PixelHit 1786, 748, 231.054, 0
PixelHit 1787, 741, 153.928, 0
PixelHit 1787, 746, 420.389, 0
PixelHit 1787, 747, 262.027, 0
PixelHit 1787, 748, 186.077, 0
PixelHit 1787, 749, 241.923, 0
PixelHit 1787, 753, 114.357, 0
PixelHit 1787, 754, 80.7887, 0
PixelHit 1787, 755, 177.097, 0
PixelHit 1787, 756, 282.872, 0
PixelHit 1788, 743, 128.224, 0
PixelHit 1788, 745, 232.422, 0
PixelHit 1788, 747, 228.122, 0
PixelHit 1788, 748, 167.212, 0
PixelHit 1788, 753, 130.935, 0
PixelHit 1789, 742, 277.522, 0
PixelHit 1789, 744, 98.0393, 0
PixelHit 1789, 745, 164.007, 0
PixelHit 1789, 749, 170.485, 0
PixelHit 1789, 750, 99.2476, 0
PixelHit 1790, 742, 203.535, 0
PixelHit 1790, 743, 348.165, 0
PixelHit 1790, 745, 145.538, 0
PixelHit 1790, 746, 51.3865, 0
PixelHit 1790, 750, 67.7211, 0
PixelHit 1790, 755, 54.6724, 0
PixelHit 1791, 743, 112.012, 0
PixelHit 1791, 744, 187.623, 0
PixelHit 1791, 745, 97.5681, 0
PixelHit 1791, 747, 112.401, 0
PixelHit 1791, 755, 63.3567, 0
PixelHit 1792, 741, 80.5621, 0
PixelHit 1792, 742, 425.574, 0
PixelHit 1792, 744, 267.122, 0
PixelHit 1792, 745, 246.392, 0
PixelHit 1792, 747, 212.866, 0
PixelHit 1792, 754, 192.184, 0
PixelHit 1792, 756, 104.738, 0
PixelHit 1793, 739, 104.864, 0
PixelHit 1793, 740, 99.671, 0
PixelHit 1793, 742, 239.097, 0
PixelHit 1793, 743, 128.123, 0
PixelHit 1793, 744, 68.9939, 0
PixelHit 1793, 745, 97.8391, 0
PixelHit 1793, 747, 94.4053, 0
PixelHit 1794, 738, 79.8705, 0
PixelHit 1794, 741, 81.2389, 0
PixelHit 1794, 742, 122.637, 0
PixelHit 1794, 744, 72.5713, 0
PixelHit 1794, 753, 57.2423, 0
PixelHit 1794, 754, 153.403, 0
PixelHit 1795, 737, 94.7288, 0
PixelHit 1795, 739, 194.988, 0
PixelHit 1795, 740, 278.021, 0
PixelHit 1795, 741, 115.015, 0
PixelHit 1795, 743, 176.515, 0
PixelHit 1796, 738, 118.881, 0
PixelHit 1796, 739, 513.049, 0
PixelHit 1796, 740, 126.555, 0
PixelHit 1796, 741, 111.056, 0
PixelHit 1796, 742, 76.7481, 0
PixelHit 1796, 755, 171.866, 0
PixelHit 1797, 737, 73.59, 0
PixelHit 1797, 738, 168.476, 0
PixelHit 1797, 739, 239.653, 0
PixelHit 1797, 740, 266.552, 0
PixelHit 1797, 741, 243.871, 0
PixelHit 1797, 755, 106.877, 0
PixelHit 1798, 739, 204.778, 0
PixelHit 1798, 740, 286.329, 0
PixelHit 1798, 753, 75.6726, 0
PixelHit 1798, 754, 261.262, 0
PixelHit 1798, 755, 291.663, 0
PixelHit 1798, 756, 101.045, 0
PixelHit 1799, 738, 91.449, 0
PixelHit 1799, 739, 74.5618, 0
PixelHit 1799, 740, 132.141, 0
PixelHit 1799, 755, 304.421, 0
PixelHit 1799, 756, 227.357, 0
PixelHit 1800, 736, 80.0113, 0
PixelHit 1800, 737, 103.493, 0
PixelHit 1800, 738, 119.342, 0
PixelHit 1800, 740, 123.247, 0
PixelHit 1800, 752, 241.777, 0
PixelHit 1800, 753, 121.987, 0
PixelHit 1800, 754, 77.664, 0
PixelHit 1800, 755, 177.752, 0
PixelHit 1800, 756, 223.604, 0
PixelHit 1801, 737, 282.547, 0
PixelHit 1801, 754, 181.629, 0
PixelHit 1801, 755, 102.277, 0
PixelHit 1801, 756, 50.3787, 0
PixelHit 1802, 737, 239.402, 0
PixelHit 1802, 738, 150.576, 0
PixelHit 1802, 739, 151.004, 0
PixelHit 1802, 753, 116.331, 0
PixelHit 1803, 735, 235.436, 0
PixelHit 1803, 736, 445.468, 0
PixelHit 1803, 739, 69.0363, 0
PixelHit 1803, 753, 192.289, 0
PixelHit 1804, 735, 149.337, 0
PixelHit 1804, 737, 181.84, 0
PixelHit 1804, 753, 55.3622, 0
PixelHit 1804, 754, 129.675, 0
PixelHit 1805, 735, 159.227, 0
PixelHit 1805, 737, 299.547, 0
PixelHit 1805, 739, 98.8876, 0
PixelHit 1805, 753, 84.2511, 0
PixelHit 1805, 756, 140.845, 0
PixelHit 1806, 737, 117.842, 0
PixelHit 1806, 756, 126.999, 0
PixelHit 1807, 735, 93.9377, 0
PixelHit 1807, 737, 222.285, 0
PixelHit 1808, 737, 85.2833, 0
PixelHit 1808, 738, 299.143, 0
PixelHit 1808, 752, 161.875, 0
PixelHit 1808, 754, 67.5437, 0
PixelHit 1809, 737, 86.6906, 0
PixelHit 1809, 738, 263.362, 0
PixelHit 1809, 740, 137.904, 0
PixelHit 1809, 741, 91.832, 0
PixelHit 1809, 755, 111.938, 0
PixelHit 1809, 756, 157.207, 0
PixelHit 1810, 742, 87.3864, 0
PixelHit 1810, 754, 394.081, 0
PixelHit 1811, 740, 68.9872, 0
PixelHit 1811, 741, 194.991, 0
PixelHit 1811, 755, 286.873, 0
PixelHit 1811, 756, 190.589, 0
PixelHit 1812, 739, 170.181, 0
PixelHit 1812, 743, 66.1602, 0
PixelHit 1812, 752, 130.022, 0
PixelHit 1813, 740, 254.314, 0
PixelHit 1813, 741, 256.347, 0
PixelHit 1813, 743, 173.852, 0
PixelHit 1813, 754, 65.3139, 0
PixelHit 1813, 755, 181.112, 0
PixelHit 1814, 739, 276.046, 0
PixelHit 1814, 741, 192.889, 0
PixelHit 1814, 742, 51.3643, 0
PixelHit 1814, 743, 147.806, 0
PixelHit 1814, 754, 291.299, 0
PixelHit 1814, 755, 202.507, 0
PixelHit 1814, 756, 44.9299, 0
PixelHit 1814, 757, 69.3058, 0
PixelHit 1815, 743, 70.0431, 0
PixelHit 1816, 740, 78.0893, 0
PixelHit 1816, 742, 153.472, 0
PixelHit 1816, 743, 116.477, 0
PixelHit 1816, 745, 60.0187, 0
PixelHit 1816, 752, 153.134, 0
PixelHit 1816, 755, 57.2553, 0
PixelHit 1817, 740, 129.798, 0
PixelHit 1817, 741, 79.1313, 0
PixelHit 1817, 742, 70.6834, 0
PixelHit 1817, 754, 112.261, 0
PixelHit 1818, 742, 242.115, 0
PixelHit 1819, 741, 61.802, 0
PixelHit 1819, 742, 314.104, 0
PixelHit 1819, 744, 92.726, 0
PixelHit 1819, 753, 276.303, 0
PixelHit 1820, 740, 93.1479, 0
PixelHit 1820, 743, 80.108, 0
PixelHit 1820, 744, 50.9976, 0
PixelHit 1820, 755, 159.984, 0
PixelHit 1821, 743, 69.2087, 0
PixelHit 1821, 744, 99.2425, 0
PixelHit 1821, 757, 193.899, 0
PixelHit 1822, 743, 127.478, 0
PixelHit 1822, 745, 144.806, 0
PixelHit 1822, 755, 177.017, 0
PixelHit 1822, 758, 66.7947, 0
PixelHit 1823, 739, 90.5002, 0
PixelHit 1823, 743, 283.142, 0
PixelHit 1823, 744, 59.8657, 0
PixelHit 1823, 749, 129.775, 0
PixelHit 1823, 756, 214.625, 0
PixelHit 1824, 743, 161.698, 0
PixelHit 1824, 745, 148.282, 0
PixelHit 1824, 753, 55.0529, 0
PixelHit 1824, 754, 150.759, 0
PixelHit 1824, 756, 253.743, 0
PixelHit 1825, 743, 66.4944, 0
PixelHit 1825, 749, 87.7364, 0
PixelHit 1825, 750, 154.906, 0
PixelHit 1826, 746, 219.465, 0
PixelHit 1826, 751, 137.772, 0
PixelHit 1826, 752, 66.4188, 0
PixelHit 1826, 753, 145.294, 0
PixelHit 1827, 744, 59.692, 0
PixelHit 1827, 745, 120.711, 0
PixelHit 1827, 747, 113.74, 0
PixelHit 1827, 748, 69.8001, 0
PixelHit 1827, 750, 60.7849, 0
PixelHit 1827, 752, 147.378, 0
PixelHit 1827, 758, 133.007, 0
PixelHit 1828, 750, 113.677, 0
PixelHit 1829, 750, 150.478, 0
PixelHit 1829, 753, 47.1938, 0
PixelHit 1830, 753, 114.901, 0
PixelHit 1830, 756, 87.8052, 0
PixelHit 1831, 752, 153.146, 0
PixelHit 1831, 753, 154.308, 0
PixelHit 1831, 754, 114.306, 0
PixelHit 1831, 755, 237.219, 0
PixelHit 1832, 754, 111.56, 0
PixelHit 1833, 755, 311.691, 0
PixelHit 1833, 757, 179.034, 0
PixelHit 1833, 758, 85.952, 0
PixelHit 1834, 753, 176.546, 0
PixelHit 1834, 754, 116.323, 0
PixelHit 1834, 755, 130.703, 0
PixelHit 1834, 756, 50.7914, 0
PixelHit 1835, 754, 154.903, 0
PixelHit 1835, 755, 174.912, 0
PixelHit 1835, 756, 122.691, 0
PixelHit 1835, 757, 48.9448, 0
PixelHit 1836, 755, 190.129, 0
PixelHit 1837, 753, 163.256, 0
PixelHit 1837, 755, 103.962, 0
PixelHit 1837, 756, 63.4175, 0
PixelHit 1838, 754, 71.2526, 0
PixelHit 1838, 756, 80.9389, 0
PixelHit 1838, 757, 58.238, 0
PixelHit 1838, 760, 93.0675, 0
PixelHit 1839, 753, 54.7111, 0
PixelHit 1841, 756, 229.341, 0
PixelHit 1841, 757, 128.158, 0
PixelHit 1843, 754, 96.1768, 0
PixelHit 1844, 753, 146.33, 0
PixelHit 1844, 755, 121.171, 0
PixelHit 1844, 756, 179.015, 0
PixelHit 1845, 754, 144.398, 0
PixelHit 1846, 754, 84.0221, 0
PixelHit 1848, 759, 156.144, 0
=== 59 ===
=== 60 ===
=== 61 ===
=== 62 ===
--- mydetector ---
PixelHit 2414, 280, 229.914, 0
PixelHit 2415, 279, 96.6176, 0
PixelHit 2415, 280, 179.276, 0
PixelHit 2416, 280, 51.7605, 0
PixelHit 2417, 280, 138.245, 0
PixelHit 2419, 280, 52.9739, 0
PixelHit 2420, 280, 130.326, 0
PixelHit 2420, 281, 143.202, 0
PixelHit 2421, 280, 714.847, 0
PixelHit 2421, 281, 380.563, 0
PixelHit 2422, 280, 297.808, 0
PixelHit 2423, 281, 323.729, 0
PixelHit 2424, 279, 89.8696, 0
PixelHit 2424, 280, 507.677, 0
PixelHit 2424, 281, 339.373, 0
PixelHit 2425, 280, 188.665, 0
PixelHit 2425, 281, 92.9018, 0
PixelHit 2426, 280, 91.255, 0
PixelHit 2427, 280, 256.648, 0
PixelHit 2428, 280, 74.7204, 0
PixelHit 2428, 281, 146.064, 0
PixelHit 2429, 280, 243.418, 0
PixelHit 2429, 281, 82.146, 0
PixelHit 2429, 282, 144.973, 0
PixelHit 2430, 280, 69.0159, 0
PixelHit 2430, 281, 124.506, 0
PixelHit 2431, 281, 120.858, 0
PixelHit 2432, 280, 65.6656, 0
PixelHit 2432, 281, 78.1522, 0
PixelHit 2432, 282, 167.167, 0
PixelHit 2434, 280, 238.761, 0
PixelHit 2434, 281, 280.116, 0
PixelHit 2436, 279, 132.195, 0
PixelHit 2436, 281, 66.0002, 0
PixelHit 2436, 282, 144.051, 0
PixelHit 2438, 281, 53.4161, 0
PixelHit 2439, 281, 108.338, 0
PixelHit 2440, 280, 133.672, 0
PixelHit 2440, 281, 221.387, 0
PixelHit 2440, 282, 102.311, 0
PixelHit 2441, 281, 70.5976, 0
PixelHit 2441, 282, 81.577, 0
PixelHit 2442, 280, 84.4886, 0
PixelHit 2442, 281, 78.2049, 0
PixelHit 2442, 282, 132.518, 0
PixelHit 2445, 281, 102.212, 0
PixelHit 2446, 281, 250.339, 0
PixelHit 2446, 283, 76.4553, 0
PixelHit 2447, 280, 107.477, 0
PixelHit 2448, 280, 85.1208, 0
PixelHit 2448, 281, 127.557, 0
PixelHit 2448, 282, 110.907, 0
PixelHit 2449, 280, 104.003, 0
PixelHit 2449, 281, 193.653, 0
PixelHit 2449, 282, 113.484, 0
PixelHit 2449, 283, 105.141, 0
PixelHit 2450, 280, 137.357, 0
PixelHit 2451, 280, 102.42, 0
PixelHit 2451, 281, 78.2117, 0
PixelHit 2452, 280, 44.6514, 0
PixelHit 2452, 281, 394.839, 0
PixelHit 2452, 282, 117.454, 0
PixelHit 2452, 283, 246.179, 0
PixelHit 2453, 281, 265.048, 0
PixelHit 2453, 282, 242.583, 0
PixelHit 2453, 283, 241.916, 0
PixelHit 2454, 281, 148.04, 0
PixelHit 2454, 282, 128.901, 0
PixelHit 2455, 280, 70.0873, 0
PixelHit 2455, 281, 77.9675, 0
PixelHit 2457, 281, 148.863, 0
PixelHit 2457, 282, 350.169, 0
PixelHit 2458, 281, 70.0315, 0
PixelHit 2458, 283, 210.416, 0
PixelHit 2460, 279, 45.1706, 0
PixelHit 2460, 282, 160.074, 0
PixelHit 2461, 280, 98.6767, 0
PixelHit 2462, 280, 129.194, 0
PixelHit 2462, 282, 142.923, 0
PixelHit 2463, 280, 55.4374, 0
PixelHit 2463, 283, 74.4898, 0
PixelHit 2464, 280, 51.7037, 0
PixelHit 2464, 281, 127.927, 0
PixelHit 2464, 282, 142.285, 0
PixelHit 2464, 283, 129.936, 0
PixelHit 2465, 279, 58.147, 0
PixelHit 2465, 280, 64.5113, 0
PixelHit 2465, 282, 92.0664, 0
PixelHit 2467, 281, 83.3755, 0
PixelHit 2467, 282, 242.374, 0
PixelHit 2467, 283, 56.9793, 0
PixelHit 2468, 280, 83.3829, 0
PixelHit 2468, 281, 83.9434, 0
PixelHit 2469, 282, 129.874, 0
PixelHit 2471, 282, 126.935, 0
PixelHit 2473, 284, 246.464, 0
PixelHit 2474, 282, 127.668, 0
PixelHit 2475, 283, 131.167, 0
PixelHit 2476, 280, 116.393, 0
PixelHit 2476, 285, 116.364, 0
PixelHit 2477, 280, 115.295, 0
PixelHit 2477, 282, 104.755, 0
PixelHit 2478, 280, 281.738, 0
PixelHit 2479, 280, 87.6996, 0
PixelHit 2479, 281, 175.842, 0
PixelHit 2479, 282, 282.989, 0
PixelHit 2480, 281, 316.406, 0
PixelHit 2480, 282, 356.984, 0
PixelHit 2480, 283, 214.576, 0
PixelHit 2480, 284, 272.324, 0
PixelHit 2480, 285, 143.252, 0
PixelHit 2481, 280, 86.176, 0
PixelHit 2481, 282, 195.372, 0
PixelHit 2483, 279, 87.9317, 0
PixelHit 2483, 281, 72.2094, 0
PixelHit 2483, 282, 345.403, 0
PixelHit 2483, 283, 225.753, 0
PixelHit 2483, 284, 72.8836, 0
PixelHit 2484, 281, 76.8707, 0
PixelHit 2484, 282, 153.612, 0
PixelHit 2485, 279, 59.8339, 0
PixelHit 2485, 280, 52.8477, 0
PixelHit 2486, 283, 249.447, 0
PixelHit 2486, 286, 281.284, 0
PixelHit 2487, 280, 190.821, 0
PixelHit 2487, 282, 107.051, 0
PixelHit 2488, 282, 100.986, 0
PixelHit 2489, 283, 107.044, 0
PixelHit 2489, 284, 143.34, 0
PixelHit 2490, 282, 127.428, 0
PixelHit 2490, 284, 76.9329, 0
PixelHit 2491, 280, 220.58, 0
PixelHit 2491, 281, 118.956, 0
PixelHit 2491, 282, 252.534, 0
PixelHit 2492, 282, 80.7775, 0
PixelHit 2492, 283, 232.314, 0
PixelHit 2493, 280, 291.056, 0
PixelHit 2493, 282, 204.567, 0
PixelHit 2493, 283, 82.6591, 0
PixelHit 2493, 284, 181.294, 0
PixelHit 2494, 282, 95.97, 0
PixelHit 2494, 285, 88.2829, 0
PixelHit 2495, 283, 96.1173, 0
PixelHit 2497, 280, 97.2375, 0
PixelHit 2497, 281, 144.43, 0
PixelHit 2497, 282, 95.0344, 0
PixelHit 2497, 284, 74.1013, 0
PixelHit 2498, 281, 246.471, 0
PixelHit 2499, 284, 112.561, 0
PixelHit 2500, 281, 64.028, 0
PixelHit 2500, 282, 168.168, 0
PixelHit 2500, 283, 338.023, 0
PixelHit 2500, 284, 67.7873, 0
PixelHit 2501, 285, 107.349, 0
PixelHit 2502, 281, 133.8, 0
PixelHit 2502, 282, 301.332, 0
PixelHit 2502, 283, 202.681, 0
PixelHit 2502, 284, 160.384, 0
PixelHit 2503, 282, 110.919, 0
PixelHit 2503, 283, 141.307, 0
PixelHit 2504, 280, 76.6103, 0
PixelHit 2504, 281, 98.4987, 0
PixelHit 2504, 282, 122.347, 0
PixelHit 2504, 283, 69.3887, 0
PixelHit 2505, 285, 157.653, 0
PixelHit 2507, 282, 101.871, 0
PixelHit 2507, 284, 190.468, 0
PixelHit 2508, 282, 148.41, 0
PixelHit 2509, 283, 112.435, 0
PixelHit 2510, 280, 91.1279, 0
PixelHit 2511, 284, 57.0753, 0
PixelHit 2511, 285, 119.656, 0
PixelHit 2512, 283, 193.952, 0
PixelHit 2512, 285, 147.942, 0
PixelHit 2513, 281, 80.7093, 0
PixelHit 2513, 285, 46.2605, 0
PixelHit 2514, 282, 115.729, 0
PixelHit 2514, 284, 105.808, 0
PixelHit 2515, 283, 95.8776, 0
PixelHit 2515, 286, 101.634, 0
PixelHit 2516, 284, 55.4289, 0
PixelHit 2517, 282, 89.0665, 0
PixelHit 2517, 283, 79.3524, 0
PixelHit 2518, 278, 254.834, 0
PixelHit 2518, 280, 90.1654, 0
PixelHit 2518, 284, 135.329, 0
PixelHit 2518, 287, 147.023, 0
PixelHit 2519, 278, 114.97, 0
PixelHit 2519, 283, 60.9945, 0
PixelHit 2519, 284, 313.776, 0
PixelHit 2520, 282, 140.293, 0
PixelHit 2520, 284, 70.1463, 0
PixelHit 2521, 281, 147.718, 0
=== 63 ===
=== 64 ===
=== 65 ===
--- mydetector ---
PixelHit 2124, 1580, 84.329, 0
PixelHit 2124, 1581, 93.3265, 0
PixelHit 2126, 1580, 145.936, 0
PixelHit 2127, 1579, 150.039, 0
PixelHit 2129, 1580, 198.496, 0
PixelHit 2130, 1579, 237.756, 0
PixelHit 2130, 1580, 230.955, 0
PixelHit 2131, 1580, 160.559, 0
PixelHit 2132, 1579, 153.846, 0
PixelHit 2132, 1580, 251.752, 0
PixelHit 2133, 1578, 202.67, 0
PixelHit 2133, 1579, 136.582, 0
PixelHit 2133, 1580, 183.4, 0
PixelHit 2134, 1579, 61.0412, 0
PixelHit 2134, 1580, 272.743, 0
PixelHit 2135, 1579, 62.348, 0
PixelHit 2136, 1579, 54.8591, 0
PixelHit 2138, 1579, 134.172, 0
PixelHit 2139, 1579, 116.599, 0
PixelHit 2140, 1578, 52.7841, 0
PixelHit 2141, 1579, 201.021, 0
PixelHit 2142, 1579, 120.791, 0
PixelHit 2143, 1579, 130.658, 0
PixelHit 2144, 1579, 92.5243, 0
PixelHit 2144, 1580, 211.283, 0
PixelHit 2145, 1578, 94.7103, 0
PixelHit 2145, 1580, 99.2301, 0
PixelHit 2146, 1579, 76.8307, 0
PixelHit 2147, 1578, 138.742, 0
PixelHit 2147, 1579, 291.244, 0
PixelHit 2148, 1577, 63.6985, 0
PixelHit 2148, 1578, 136.862, 0
PixelHit 2149, 1579, 194.989, 0
PixelHit 2150, 1578, 106.656, 0
PixelHit 2151, 1578, 114.272, 0
PixelHit 2155, 1578, 53.1864, 0
PixelHit 2156, 1578, 102.014, 0
PixelHit 2156, 1579, 60.6046, 0
PixelHit 2157, 1577, 194.243, 0
PixelHit 2157, 1578, 190.475, 0
PixelHit 2157, 1579, 176.389, 0
PixelHit 2158, 1579, 133.021, 0
PixelHit 2159, 1577, 186.923, 0
PixelHit 2159, 1578, 68.4355, 0
PixelHit 2159, 1579, 56.5534, 0
PixelHit 2160, 1577, 174.065, 0
PixelHit 2160, 1579, 159.291, 0
PixelHit 2162, 1577, 83.055, 0
PixelHit 2162, 1578, 219.479, 0
PixelHit 2163, 1577, 144.459, 0
PixelHit 2164, 1577, 201.666, 0
PixelHit 2164, 1578, 201.628, 0
PixelHit 2164, 1579, 145.266, 0
PixelHit 2165, 1576, 77.399, 0
PixelHit 2166, 1578, 69.6595, 0
PixelHit 2167, 1576, 137.658, 0
PixelHit 2168, 1576, 218.744, 0
PixelHit 2169, 1578, 199.554, 0
PixelHit 2171, 1578, 327.673, 0
PixelHit 2171, 1579, 130.617, 0
PixelHit 2171, 1581, 228.087, 0
PixelHit 2172, 1576, 331.542, 0
PixelHit 2172, 1577, 74.9417, 0
PixelHit 2173, 1577, 62.2612, 0
PixelHit 2173, 1578, 130.003, 0
PixelHit 2174, 1578, 80.0102, 0
PixelHit 2177, 1578, 155.617, 0
PixelHit 2179, 1574, 102.452, 0
PixelHit 2179, 1575, 115.55, 0
PixelHit 2179, 1579, 49.6878, 0
PixelHit 2180, 1575, 103.431, 0
PixelHit 2181, 1577, 90.8407, 0
PixelHit 2183, 1574, 199.147, 0
PixelHit 2183, 1576, 169.116, 0
PixelHit 2183, 1577, 307.555, 0
PixelHit 2184, 1576, 129.818, 0
PixelHit 2184, 1579, 83.2403, 0
PixelHit 2185, 1577, 47.3857, 0
PixelHit 2185, 1578, 183.041, 0
PixelHit 2186, 1575, 220.215, 0
PixelHit 2186, 1576, 106.107, 0
PixelHit 2186, 1577, 197.98, 0
PixelHit 2186, 1579, 126.764, 0
PixelHit 2187, 1575, 226.407, 0
PixelHit 2187, 1576, 75.9691, 0
PixelHit 2187, 1577, 292.216, 0
PixelHit 2187, 1578, 295.295, 0
PixelHit 2188, 1575, 175.658, 0
PixelHit 2188, 1576, 69.2957, 0
PixelHit 2188, 1577, 85.2441, 0
PixelHit 2189, 1575, 75.8881, 0
PixelHit 2189, 1576, 81.1244, 0
PixelHit 2190, 1577, 306.579, 0
PixelHit 2191, 1577, 126.022, 0
PixelHit 2191, 1578, 179.026, 0
PixelHit 2193, 1575, 289.532, 0
PixelHit 2193, 1577, 64.9471, 0
PixelHit 2194, 1573, 96.7548, 0
PixelHit 2194, 1577, 111.622, 0
PixelHit 2195, 1574, 104.165, 0
PixelHit 2195, 1575, 165.787, 0
PixelHit 2195, 1576, 168.861, 0
PixelHit 2195, 1577, 133.339, 0
PixelHit 2196, 1575, 81.8161, 0
PixelHit 2197, 1575, 90.3331, 0
PixelHit 2197, 1576, 287.453, 0
PixelHit 2197, 1579, 139.836, 0
PixelHit 2198, 1575, 229.925, 0
PixelHit 2198, 1577, 70.6436, 0
PixelHit 2198, 1580, 96.4186, 0
PixelHit 2200, 1574, 192.158, 0
PixelHit 2200, 1575, 86.3197, 0
PixelHit 2200, 1578, 76.4295, 0
PixelHit 2201, 1574, 119.464, 0
PixelHit 2201, 1575, 78.4494, 0
PixelHit 2201, 1576, 67.9907, 0
PixelHit 2202, 1574, 85.16, 0
PixelHit 2203, 1575, 290.4, 0
PixelHit 2203, 1576, 76.5508, 0
PixelHit 2204, 1575, 109.734, 0
PixelHit 2204, 1576, 127.308, 0
PixelHit 2205, 1574, 109.88, 0
PixelHit 2205, 1578, 70.1995, 0
PixelHit 2206, 1573, 85.4511, 0
PixelHit 2207, 1573, 77.4243, 0
PixelHit 2207, 1574, 65.1855, 0
PixelHit 2207, 1576, 207.457, 0
PixelHit 2208, 1575, 208.117, 0
PixelHit 2208, 1576, 315.424, 0
PixelHit 2209, 1571, 88.8971, 0
PixelHit 2210, 1574, 130.703, 0
PixelHit 2211, 1575, 106.107, 0
PixelHit 2212, 1575, 132.681, 0
PixelHit 2214, 1576, 67.9809, 0
PixelHit 2215, 1575, 79.6243, 0
PixelHit 2215, 1577, 170.51, 0
PixelHit 2217, 1575, 62.3566, 0
PixelHit 2218, 1574, 92.8603, 0
PixelHit 2218, 1575, 125.376, 0
PixelHit 2220, 1572, 232.359, 0
PixelHit 2220, 1575, 165.398, 0
PixelHit 2220, 1577, 207.187, 0
PixelHit 2221, 1573, 236.463, 0
PixelHit 2221, 1574, 154.608, 0
PixelHit 2222, 1574, 165.752, 0
PixelHit 2222, 1576, 65.7546, 0
PixelHit 2223, 1573, 80.3755, 0
PixelHit 2223, 1575, 304.746, 0
PixelHit 2224, 1574, 140.636, 0
PixelHit 2224, 1575, 157.266, 0
PixelHit 2226, 1573, 256.822, 0
PixelHit 2226, 1578, 68.0852, 0
PixelHit 2227, 1571, 198.669, 0
PixelHit 2228, 1575, 108.802, 0
=== 66 ===
=== 67 ===
=== 68 ===
=== 69 ===
=== 70 ===
--- mydetector ---
PixelHit 2433, 1572, 108.135, 0
PixelHit 2434, 1571, 183.976, 0
PixelHit 2434, 1573, 94.2465, 0
PixelHit 2435, 1568, 147.501, 0
PixelHit 2435, 1571, 182.585, 0
PixelHit 2435, 1572, 52.7267, 0
PixelHit 2435, 1574, 200.947, 0
PixelHit 2435, 1576, 89.5014, 0
PixelHit 2436, 1567, 303.823, 0
PixelHit 2436, 1570, 121.502, 0
PixelHit 2436, 1571, 52.6514, 0
PixelHit 2436, 1572, 130.033, 0
PixelHit 2436, 1573, 159.223, 0
PixelHit 2436, 1574, 121.344, 0
PixelHit 2437, 1570, 165.914, 0
PixelHit 2437, 1572, 199.042, 0
PixelHit 2437, 1573, 149.357, 0
PixelHit 2438, 1570, 130.274, 0
PixelHit 2438, 1572, 88.3375, 0
PixelHit 2438, 1573, 152.983, 0
PixelHit 2438, 1574, 88.0123, 0
PixelHit 2438, 1575, 124.79, 0
PixelHit 2439, 1568, 211.231, 0
PixelHit 2439, 1571, 81.5327, 0
PixelHit 2439, 1572, 207.369, 0
PixelHit 2440, 1574, 80.8319, 0
PixelHit 2440, 1577, 103.862, 0
PixelHit 2441, 1573, 176.422, 0
PixelHit 2442, 1574, 246.376, 0
=== 71 ===
=== 72 ===
=== 73 ===
--- mydetector ---
PixelHit 1428, 475, 226.726, 0
PixelHit 1430, 476, 141.249, 0
PixelHit 1431, 475, 81.3947, 0
PixelHit 1433, 476, 135.444, 0
PixelHit 1434, 476, 105.172, 0
PixelHit 1435, 475, 277.566, 0
PixelHit 1435, 476, 130.429, 0
PixelHit 1436, 476, 104.143, 0
PixelHit 1438, 475, 100.972, 0
PixelHit 1438, 476, 109.49, 0
PixelHit 1439, 475, 208.994, 0
PixelHit 1439, 476, 241.074, 0
PixelHit 1440, 476, 214.772, 0
PixelHit 1441, 475, 302.755, 0
PixelHit 1441, 476, 216.103, 0
PixelHit 1442, 475, 245.198, 0
PixelHit 1442, 477, 210.316, 0
PixelHit 1443, 475, 93.0542, 0
PixelHit 1443, 476, 179.932, 0
PixelHit 1444, 475, 224.05, 0
PixelHit 1446, 476, 130.635, 0
PixelHit 1447, 476, 128.343, 0
PixelHit 1447, 477, 148.14, 0
PixelHit 1447, 478, 86.3768, 0
PixelHit 1448, 477, 70.6454, 0
PixelHit 1449, 475, 321.411, 0
PixelHit 1449, 476, 168.764, 0
PixelHit 1449, 477, 106.78, 0
PixelHit 1450, 476, 161.873, 0
PixelHit 1450, 477, 125.488, 0
PixelHit 1451, 476, 154.077, 0
PixelHit 1451, 477, 100.373, 0
PixelHit 1452, 475, 44.807, 0
PixelHit 1452, 476, 137.6, 0
PixelHit 1454, 476, 70.8612, 0
PixelHit 1454, 477, 53.2791, 0
PixelHit 1455, 476, 70.4147, 0
PixelHit 1455, 477, 206.916, 0
PixelHit 1457, 476, 195.641, 0
PixelHit 1457, 477, 257.751, 0
PixelHit 1458, 475, 60.1008, 0
PixelHit 1458, 477, 126.541, 0
PixelHit 1460, 476, 136.993, 0
PixelHit 1460, 477, 83.8027, 0
PixelHit 1460, 478, 220.865, 0
PixelHit 1461, 479, 95.5873, 0
PixelHit 1462, 476, 103.15, 0
PixelHit 1463, 475, 87.4968, 0
PixelHit 1465, 475, 133.813, 0
PixelHit 1465, 477, 260.205, 0
PixelHit 1466, 475, 72.3963, 0
PixelHit 1466, 476, 137.925, 0
PixelHit 1467, 477, 77.5018, 0
PixelHit 1467, 478, 47.7056, 0
PixelHit 1468, 477, 154.608, 0
PixelHit 1470, 476, 112.618, 0
PixelHit 1471, 476, 125.636, 0
PixelHit 1471, 478, 275.774, 0
PixelHit 1472, 477, 190.091, 0
PixelHit 1472, 478, 120.143, 0
PixelHit 1474, 476, 75.5336, 0
PixelHit 1475, 476, 93.9058, 0
PixelHit 1475, 477, 183.563, 0
PixelHit 1476, 476, 47.8502, 0
PixelHit 1477, 477, 89.9066, 0
PixelHit 1477, 478, 84.2851, 0
PixelHit 1478, 477, 55.3529, 0
PixelHit 1478, 478, 143.014, 0
PixelHit 1479, 476, 149.435, 0
PixelHit 1480, 477, 259.267, 0
PixelHit 1482, 477, 77.877, 0
PixelHit 1482, 478, 132.532, 0
PixelHit 1483, 477, 158.123, 0
PixelHit 1484, 477, 88.5519, 0
PixelHit 1484, 479, 191.288, 0
PixelHit 1485, 477, 199.651, 0
PixelHit 1485, 478, 53.6244, 0
PixelHit 1485, 479, 42.09, 0
PixelHit 1486, 474, 152.82, 0
PixelHit 1487, 476, 67.7823, 0
PixelHit 1487, 477, 134.534, 0
PixelHit 1487, 479, 278.941, 0
PixelHit 1488, 476, 64.4846, 0
PixelHit 1488, 478, 71.8513, 0
PixelHit 1488, 479, 114.257, 0
PixelHit 1489, 476, 192.819, 0
PixelHit 1489, 477, 174.86, 0
PixelHit 1489, 479, 50.3712, 0
PixelHit 1490, 476, 153.686, 0
PixelHit 1490, 478, 64.0903, 0
PixelHit 1490, 480, 118.918, 0
PixelHit 1491, 476, 150.058, 0
PixelHit 1491, 478, 157.573, 0
PixelHit 1492, 477, 128.099, 0
PixelHit 1492, 480, 197.519, 0
PixelHit 1493, 474, 66.9308, 0
PixelHit 1494, 477, 188.75, 0
PixelHit 1494, 478, 193.543, 0
PixelHit 1494, 480, 141.563, 0
PixelHit 1496, 478, 239.548, 0
PixelHit 1497, 477, 146.385, 0
PixelHit 1497, 481, 178.715, 0
PixelHit 1498, 477, 150.633, 0
PixelHit 1500, 477, 51.2169, 0
PixelHit 1501, 475, 123.742, 0
PixelHit 1501, 479, 96.7557, 0
PixelHit 1501, 480, 96.5151, 0
PixelHit 1502, 477, 62.1221, 0
PixelHit 1502, 478, 97.4078, 0
PixelHit 1502, 479, 58.0212, 0
PixelHit 1503, 477, 79.0775, 0
PixelHit 1503, 478, 108.568, 0
PixelHit 1503, 479, 106.68, 0
PixelHit 1504, 480, 146.386, 0
PixelHit 1505, 477, 393.326, 0
PixelHit 1506, 475, 75.7312, 0
PixelHit 1506, 478, 119.603, 0
PixelHit 1506, 481, 110.097, 0
PixelHit 1508, 476, 124.764, 0
PixelHit 1508, 479, 132.442, 0
PixelHit 1509, 479, 110.593, 0
PixelHit 1510, 479, 151.774, 0
PixelHit 1511, 478, 354.483, 0
PixelHit 1511, 479, 108.841, 0
PixelHit 1511, 480, 236.773, 0
PixelHit 1513, 480, 81.2404, 0
PixelHit 1514, 476, 114.194, 0
PixelHit 1516, 478, 87.0711, 0
PixelHit 1516, 479, 125.596, 0
PixelHit 1517, 478, 64.9517, 0
PixelHit 1517, 480, 50.0321, 0
PixelHit 1517, 482, 51.8583, 0
PixelHit 1518, 479, 195.351, 0
PixelHit 1518, 480, 242.096, 0
PixelHit 1519, 478, 213.072, 0
PixelHit 1519, 479, 60.383, 0
PixelHit 1520, 477, 159.16, 0
PixelHit 1520, 479, 185.339, 0
PixelHit 1520, 480, 55.6044, 0
PixelHit 1521, 478, 129.205, 0
PixelHit 1521, 479, 103.769, 0
PixelHit 1522, 475, 104.188, 0
PixelHit 1523, 477, 53.863, 0
PixelHit 1523, 479, 236.313, 0
PixelHit 1523, 480, 190.625, 0
PixelHit 1523, 481, 307.045, 0
PixelHit 1523, 483, 91.5824, 0
PixelHit 1524, 475, 143.349, 0
PixelHit 1525, 476, 71.3889, 0
PixelHit 1525, 479, 363.953, 0
PixelHit 1526, 477, 123.698, 0
PixelHit 1527, 477, 53.545, 0
PixelHit 1527, 478, 65.3607, 0
PixelHit 1527, 482, 212.319, 0
PixelHit 1528, 479, 110.628, 0
PixelHit 1529, 478, 117.23, 0
PixelHit 1529, 480, 183.475, 0
PixelHit 1530, 479, 88.5045, 0
PixelHit 1530, 480, 205.67, 0
PixelHit 1530, 481, 177.862, 0
PixelHit 1532, 478, 142.021, 0
PixelHit 1533, 481, 78.3684, 0
=== 74 ===
=== 75 ===
--- mydetector ---
PixelHit 2361, 453, 85.3283, 0
PixelHit 2361, 454, 411.436, 0
PixelHit 2362, 453, 264.311, 0
PixelHit 2362, 454, 630.893, 0
PixelHit 2363, 454, 131.063, 0
PixelHit 2364, 454, 103.562, 0
PixelHit 2368, 453, 209.36, 0
PixelHit 2368, 454, 1454.53, 0
PixelHit 2368, 455, 167.554, 0
PixelHit 2369, 453, 61.968, 0
PixelHit 2369, 454, 471.366, 0
PixelHit 2370, 454, 193.742, 0
PixelHit 2371, 454, 72.8713, 0
PixelHit 2372, 454, 352.312, 0
PixelHit 2372, 455, 186.607, 0
PixelHit 2373, 453, 128.444, 0
PixelHit 2373, 454, 372.515, 0
PixelHit 2373, 455, 217.759, 0
PixelHit 2374, 454, 186.497, 0
PixelHit 2374, 455, 80.8413, 0
PixelHit 2375, 453, 224.962, 0
PixelHit 2375, 454, 130.265, 0
PixelHit 2376, 455, 131.437, 0
PixelHit 2377, 454, 173.624, 0
PixelHit 2380, 453, 70.2632, 0
PixelHit 2380, 455, 172.755, 0
PixelHit 2383, 453, 138.545, 0
PixelHit 2383, 454, 42.6962, 0
PixelHit 2384, 456, 286.943, 0
PixelHit 2385, 454, 286.754, 0
PixelHit 2385, 455, 130.868, 0
PixelHit 2385, 456, 308.99, 0
PixelHit 2386, 455, 350.48, 0
PixelHit 2387, 456, 98.4269, 0
PixelHit 2388, 454, 161.197, 0
PixelHit 2388, 455, 193.923, 0
PixelHit 2388, 456, 203.976, 0
PixelHit 2389, 454, 143.463, 0
PixelHit 2389, 455, 175.064, 0
PixelHit 2389, 456, 171.381, 0
PixelHit 2390, 454, 184.807, 0
PixelHit 2390, 455, 206.52, 0
PixelHit 2390, 456, 122.921, 0
PixelHit 2392, 455, 126.462, 0
PixelHit 2392, 456, 252.022, 0
PixelHit 2394, 455, 131.982, 0
PixelHit 2395, 455, 57.9953, 0
PixelHit 2396, 456, 67.0874, 0
PixelHit 2396, 457, 74.6768, 0
PixelHit 2398, 455, 176.818, 0
PixelHit 2398, 456, 106.606, 0
PixelHit 2399, 453, 76.2882, 0
PixelHit 2400, 456, 195.494, 0
PixelHit 2401, 456, 70.2266, 0
PixelHit 2402, 455, 183.378, 0
PixelHit 2402, 456, 51.2939, 0
PixelHit 2402, 458, 189.017, 0
PixelHit 2403, 455, 63.1907, 0
PixelHit 2403, 456, 100.594, 0
PixelHit 2403, 457, 64.0648, 0
PixelHit 2404, 455, 157.042, 0
PixelHit 2404, 456, 107.971, 0
PixelHit 2404, 457, 167.133, 0
PixelHit 2405, 454, 51.2782, 0
PixelHit 2405, 457, 47.9889, 0
PixelHit 2406, 455, 111.407, 0
PixelHit 2406, 456, 111.871, 0
PixelHit 2406, 457, 107.138, 0
PixelHit 2407, 454, 67.9106, 0
PixelHit 2407, 455, 318.371, 0
PixelHit 2407, 456, 204.236, 0
PixelHit 2408, 457, 63.4265, 0
PixelHit 2408, 458, 195.538, 0
PixelHit 2409, 455, 65.6456, 0
PixelHit 2410, 456, 159.992, 0
PixelHit 2410, 457, 59.6425, 0
PixelHit 2411, 453, 210.035, 0
PixelHit 2411, 454, 215.889, 0
PixelHit 2411, 455, 72.5274, 0
PixelHit 2411, 456, 296.144, 0
PixelHit 2411, 457, 102.142, 0
PixelHit 2412, 452, 195.006, 0
PixelHit 2412, 454, 310.732, 0
PixelHit 2412, 455, 328.121, 0
PixelHit 2412, 456, 148.979, 0
PixelHit 2412, 457, 283.861, 0
PixelHit 2412, 458, 136.257, 0
PixelHit 2413, 452, 70.5578, 0
PixelHit 2413, 453, 341.298, 0
PixelHit 2413, 454, 363.644, 0
PixelHit 2413, 455, 835.926, 0
PixelHit 2413, 456, 591.976, 0
PixelHit 2413, 457, 395.6, 0
PixelHit 2414, 452, 73.5258, 0
PixelHit 2414, 453, 144.786, 0
PixelHit 2414, 454, 428.255, 0
PixelHit 2414, 455, 738.01, 0
PixelHit 2414, 456, 461.405, 0
PixelHit 2414, 457, 63.1624, 0
PixelHit 2415, 451, 108.414, 0
PixelHit 2415, 452, 160.523, 0
PixelHit 2415, 453, 91.1314, 0
PixelHit 2415, 454, 287.093, 0
PixelHit 2415, 455, 379.152, 0
PixelHit 2416, 454, 315.358, 0
PixelHit 2416, 455, 117.09, 0
PixelHit 2416, 457, 89.1216, 0
PixelHit 2418, 454, 108.558, 0
PixelHit 2418, 455, 174.17, 0
PixelHit 2418, 458, 73.6634, 0
PixelHit 2419, 455, 71.2775, 0
PixelHit 2419, 456, 165.714, 0
PixelHit 2420, 455, 57.1406, 0
PixelHit 2420, 457, 112.726, 0
PixelHit 2421, 457, 104.622, 0
PixelHit 2422, 455, 115.399, 0
PixelHit 2422, 457, 76.4318, 0
PixelHit 2424, 456, 103.228, 0
PixelHit 2425, 456, 172.95, 0
PixelHit 2425, 457, 180.755, 0
PixelHit 2427, 454, 95.8426, 0
PixelHit 2427, 458, 181.562, 0
PixelHit 2428, 457, 62.0626, 0
PixelHit 2429, 456, 106.307, 0
PixelHit 2430, 456, 121.741, 0
PixelHit 2430, 460, 66.46, 0
PixelHit 2431, 458, 168.299, 0
PixelHit 2433, 456, 309.607, 0
PixelHit 2433, 458, 170.277, 0
PixelHit 2434, 454, 166.525, 0
PixelHit 2434, 456, 83.6795, 0
PixelHit 2434, 457, 59.5994, 0
PixelHit 2435, 457, 153.452, 0
PixelHit 2436, 456, 114.035, 0
PixelHit 2436, 457, 125.993, 0
PixelHit 2437, 456, 181.187, 0
PixelHit 2437, 457, 196.084, 0
PixelHit 2438, 458, 174.844, 0
PixelHit 2439, 457, 349.645, 0
PixelHit 2441, 454, 109.894, 0
PixelHit 2441, 457, 68.0238, 0
PixelHit 2442, 457, 271.921, 0
PixelHit 2443, 455, 293.259, 0
PixelHit 2443, 457, 169.943, 0
PixelHit 2443, 459, 102.791, 0
PixelHit 2444, 456, 78.5522, 0
PixelHit 2444, 458, 57.2051, 0
PixelHit 2444, 459, 178.061, 0
PixelHit 2445, 458, 91.6743, 0
PixelHit 2445, 459, 90.133, 0
PixelHit 2447, 457, 126.798, 0
PixelHit 2449, 455, 112.229, 0
PixelHit 2449, 456, 49.542, 0
PixelHit 2450, 458, 50.3473, 0
PixelHit 2450, 460, 151.594, 0
PixelHit 2451, 457, 234.481, 0
PixelHit 2451, 462, 133.258, 0
PixelHit 2452, 456, 138.498, 0
PixelHit 2452, 458, 197.383, 0
PixelHit 2452, 461, 175.928, 0
PixelHit 2453, 456, 121.486, 0
PixelHit 2453, 459, 139.341, 0
PixelHit 2454, 454, 134.714, 0
PixelHit 2454, 456, 111.027, 0
PixelHit 2454, 458, 262.529, 0
PixelHit 2454, 459, 239.849, 0
PixelHit 2454, 460, 82.4251, 0
PixelHit 2455, 457, 209.579, 0
PixelHit 2455, 458, 201.964, 0
PixelHit 2455, 459, 64.7669, 0
PixelHit 2456, 458, 143.039, 0
PixelHit 2456, 459, 187.112, 0
PixelHit 2456, 460, 111.381, 0
PixelHit 2457, 456, 263.472, 0
PixelHit 2457, 457, 52.0887, 0
PixelHit 2457, 458, 153.209, 0
PixelHit 2457, 459, 144.228, 0
PixelHit 2457, 461, 98.6892, 0
PixelHit 2458, 459, 62.2027, 0
PixelHit 2459, 453, 213.077, 0
PixelHit 2459, 456, 80.8227, 0
PixelHit 2459, 461, 159.58, 0
PixelHit 2460, 454, 163.772, 0
PixelHit 2461, 456, 120.251, 0
PixelHit 2461, 457, 75.5706, 0
PixelHit 2461, 458, 210.432, 0
PixelHit 2462, 462, 178.922, 0
=== 76 ===
=== 77 ===
=== 78 ===
=== 79 ===
=== 80 ===
=== 81 ===
=== 82 ===
=== 83 ===
=== 84 ===
=== 85 ===
=== 86 ===
=== 87 ===
=== 88 ===
=== 89 ===
=== 90 ===
=== 91 ===
=== 92 ===
=== 93 ===
=== 94 ===
=== 95 ===
=== 96 ===
=== 97 ===
=== 98 ===
=== 99 ===
=== 100 ===
--- mydetector ---
PixelHit 2286, 783, 194.272, 0
PixelHit 2288, 782, 90.3589, 0
PixelHit 2290, 783, 108.168, 0
PixelHit 2290, 784, 228.063, 0
PixelHit 2291, 782, 69.0773, 0
PixelHit 2291, 783, 212.239, 0
PixelHit 2291, 784, 64.4847, 0
PixelHit 2292, 783, 114.489, 0
PixelHit 2293, 783, 184.293, 0
PixelHit 2294, 782, 156.138, 0
PixelHit 2294, 783, 790.537, 0
PixelHit 2294, 784, 206.217, 0
PixelHit 2295, 782, 132.151, 0
PixelHit 2295, 783, 159.404, 0
PixelHit 2296, 782, 99.6484, 0
PixelHit 2296, 783, 111.286, 0
PixelHit 2296, 785, 152.404, 0
PixelHit 2297, 783, 160.432, 0
PixelHit 2297, 784, 122.553, 0
PixelHit 2298, 784, 168.749, 0
PixelHit 2299, 784, 101.57, 0
PixelHit 2301, 783, 151.018, 0
PixelHit 2301, 784, 174.751, 0
PixelHit 2302, 784, 49.0274, 0
PixelHit 2303, 783, 132.78, 0
PixelHit 2303, 784, 104.576, 0
PixelHit 2304, 782, 129.092, 0
PixelHit 2304, 783, 157.045, 0
PixelHit 2306, 784, 123.396, 0
PixelHit 2307, 784, 195.928, 0
PixelHit 2309, 782, 130.212, 0
PixelHit 2309, 784, 101.295, 0
PixelHit 2310, 783, 201.347, 0
PixelHit 2311, 783, 149.58, 0
PixelHit 2311, 784, 48.363, 0
PixelHit 2312, 783, 92.2907, 0
PixelHit 2312, 784, 211.236, 0
PixelHit 2313, 782, 109.536, 0
PixelHit 2313, 783, 332.93, 0
PixelHit 2314, 784, 129.223, 0
PixelHit 2315, 782, 61.4155, 0
PixelHit 2315, 783, 133.484, 0
PixelHit 2316, 782, 206.245, 0
PixelHit 2316, 783, 270.756, 0
PixelHit 2316, 784, 420.798, 0
PixelHit 2316, 785, 185.913, 0
PixelHit 2317, 781, 120.745, 0
PixelHit 2317, 783, 451.477, 0
PixelHit 2317, 784, 492.116, 0
PixelHit 2317, 785, 222.869, 0
PixelHit 2318, 781, 266.313, 0
PixelHit 2318, 782, 96.3405, 0
PixelHit 2318, 783, 410.207, 0
PixelHit 2318, 784, 397.41, 0
PixelHit 2318, 785, 135.654, 0
PixelHit 2319, 784, 103.928, 0
PixelHit 2319, 785, 78.2849, 0
PixelHit 2320, 783, 166.618, 0
PixelHit 2323, 784, 72.4603, 0
PixelHit 2323, 785, 108.091, 0
PixelHit 2324, 784, 82.1584, 0
PixelHit 2325, 782, 192.284, 0
PixelHit 2325, 784, 209.186, 0
PixelHit 2325, 785, 164.938, 0
PixelHit 2326, 783, 224.034, 0
PixelHit 2326, 784, 200.637, 0
PixelHit 2327, 784, 110.956, 0
PixelHit 2327, 785, 74.7493, 0
PixelHit 2328, 783, 149.384, 0
PixelHit 2328, 784, 98.309, 0
PixelHit 2329, 784, 153.62, 0
PixelHit 2329, 785, 167.398, 0
PixelHit 2331, 783, 70.5882, 0
PixelHit 2332, 781, 315.649, 0
PixelHit 2332, 783, 220.831, 0
PixelHit 2332, 784, 183.293, 0
PixelHit 2332, 785, 115.558, 0
PixelHit 2333, 782, 130.227, 0
PixelHit 2333, 783, 157.057, 0
PixelHit 2333, 785, 297.606, 0
PixelHit 2333, 786, 384.563, 0
PixelHit 2334, 785, 174.456, 0
PixelHit 2334, 786, 195.571, 0
PixelHit 2335, 782, 267.621, 0
PixelHit 2335, 784, 73.3788, 0
PixelHit 2335, 785, 173.322, 0
PixelHit 2336, 783, 180.973, 0
PixelHit 2336, 784, 93.9713, 0
PixelHit 2337, 783, 67.2135, 0
PixelHit 2337, 786, 159.131, 0
PixelHit 2337, 787, 201.716, 0
PixelHit 2338, 782, 198.051, 0
PixelHit 2338, 783, 69.6774, 0
PixelHit 2338, 786, 161.697, 0
PixelHit 2339, 783, 115.217, 0
PixelHit 2339, 785, 193.773, 0
PixelHit 2340, 782, 271.009, 0
PixelHit 2340, 783, 177.612, 0
PixelHit 2340, 784, 240.683, 0
PixelHit 2340, 785, 122.5, 0
PixelHit 2341, 782, 200.26, 0
PixelHit 2341, 784, 110.46, 0
PixelHit 2341, 785, 72.2263, 0
PixelHit 2341, 786, 183.988, 0
PixelHit 2342, 782, 58.2843, 0
PixelHit 2342, 785, 172.539, 0
PixelHit 2343, 784, 182.3, 0
PixelHit 2343, 785, 81.2553, 0
PixelHit 2344, 785, 96.8356, 0
PixelHit 2344, 786, 285.142, 0
PixelHit 2345, 783, 58.5615, 0
PixelHit 2348, 784, 127.051, 0
PixelHit 2349, 783, 156.362, 0
PixelHit 2351, 783, 338.151, 0
PixelHit 2351, 784, 175.367, 0
PixelHit 2352, 786, 115.063, 0
PixelHit 2353, 782, 247.653, 0
PixelHit 2353, 785, 172.912, 0
PixelHit 2353, 786, 71.6524, 0
PixelHit 2354, 786, 119.363, 0
PixelHit 2355, 783, 99.5021, 0
PixelHit 2355, 784, 131.498, 0
PixelHit 2355, 786, 119.019, 0
PixelHit 2356, 786, 95.9494, 0
PixelHit 2356, 787, 72.0603, 0
PixelHit 2357, 782, 157.529, 0
PixelHit 2357, 783, 230.069, 0
PixelHit 2357, 784, 96.7658, 0
PixelHit 2357, 785, 387.419, 0
PixelHit 2358, 782, 181.732, 0
PixelHit 2358, 785, 58.5588, 0
PixelHit 2358, 786, 71.5423, 0
PixelHit 2359, 783, 163.977, 0
PixelHit 2359, 784, 245.589, 0
PixelHit 2360, 784, 148.423, 0
PixelHit 2360, 785, 93.0772, 0
PixelHit 2360, 786, 88.6734, 0
PixelHit 2361, 786, 79.0563, 0
PixelHit 2361, 787, 126.221, 0
PixelHit 2362, 785, 217.147, 0
PixelHit 2362, 787, 59.282, 0
PixelHit 2363, 787, 262.772, 0
PixelHit 2364, 781, 147.679, 0
PixelHit 2364, 782, 167.729, 0
PixelHit 2364, 786, 180.75, 0
PixelHit 2365, 785, 237.11, 0
PixelHit 2366, 783, 139.963, 0
PixelHit 2366, 784, 56.4136, 0
PixelHit 2366, 785, 50.169, 0
PixelHit 2367, 781, 64.5612, 0
PixelHit 2367, 783, 110.474, 0
PixelHit 2368, 786, 78.5516, 0
PixelHit 2369, 784, 165.436, 0
PixelHit 2369, 785, 148.277, 0
PixelHit 2369, 786, 338.307, 0
PixelHit 2369, 787, 211.724, 0
PixelHit 2369, 789, 199.399, 0
PixelHit 2370, 783, 107.738, 0
PixelHit 2370, 784, 108.553, 0
PixelHit 2371, 783, 150.003, 0
PixelHit 2372, 784, 170.896, 0
PixelHit 2372, 785, 220.808, 0
PixelHit 2373, 783, 59.5497, 0
PixelHit 2373, 786, 96.4092, 0
PixelHit 2374, 784, 142.336, 0
PixelHit 2374, 786, 111.209, 0
PixelHit 2375, 785, 87.8277, 0
PixelHit 2376, 784, 124.303, 0
PixelHit 2376, 785, 75.5482, 0
PixelHit 2376, 786, 195.836, 0
PixelHit 2377, 787, 296.935, 0
PixelHit 2379, 785, 129.121, 0
# 2684 objects from 14 messages
